  486.461401	   31.000000
  486.619601	   18.000000
  486.777800	   49.000000
  486.935997	   50.000000
  487.094192	   53.000000
  487.252385	   54.000000
  487.410576	   56.000000
  487.568766	   57.000000
  487.726954	   59.000000
  487.885140	   60.000000
  488.043324	   62.000000
  488.201506	   64.000000
  488.359687	   65.000000
  488.517865	   68.000000
  488.676042	   70.000000
  488.834217	   72.000000
  488.992391	   73.000000
  489.150562	   75.000000
  489.308732	   77.000000
  489.466899	   79.000000
  489.625065	   81.000000
  489.783229	   83.000000
  489.941392	   84.000000
  490.099552	   87.000000
  490.257711	   89.000000
  490.415867	   91.000000
  490.574022	   93.000000
  490.732176	   95.000000
  490.890327	   98.000000
  491.048476	  100.000000
  491.206624	  102.000000
  491.364770	  104.000000
  491.522913	  107.000000
  491.681055	  109.000000
  491.839196	  111.000000
  491.997334	  114.000000
  492.155471	  117.000000
  492.313605	  119.000000
  492.471738	  122.000000
  492.629869	  125.000000
  492.787998	  128.000000
  492.946125	  130.000000
  493.104251	  134.000000
  493.262374	  136.000000
  493.420496	  139.000000
  493.578616	  141.000000
  493.736734	  145.000000
  493.894850	  148.000000
  494.052964	  151.000000
  494.211077	  154.000000
  494.369187	  157.000000
  494.527296	  161.000000
  494.685403	  165.000000
  494.843508	  167.000000
  495.001611	  171.000000
  495.159712	  175.000000
  495.317811	  178.000000
  495.475909	  182.000000
  495.634004	  186.000000
  495.792098	  190.000000
  495.950190	  194.000000
  496.108280	  199.000000
  496.266368	  203.000000
  496.424454	  206.000000
  496.582538	  212.000000
  496.740621	  216.000000
  496.898701	  220.000000
  497.056780	  225.000000
  497.214857	  230.000000
  497.372931	  234.000000
  497.531004	  240.000000
  497.689076	  246.000000
  497.847145	  250.000000
  498.005212	  254.000000
  498.163277	  259.000000
  498.321341	  265.000000
  498.479403	  270.000000
  498.637462	  276.000000
  498.795520	  281.000000
  498.953576	  286.000000
  499.111630	  291.000000
  499.269682	  297.000000
  499.427733	  303.000000
  499.585781	  309.000000
  499.743827	  314.000000
  499.901872	  320.000000
  500.059914	  325.000000
  500.217955	  331.000000
  500.375994	  337.000000
  500.534031	  343.000000
  500.692066	  350.000000
  500.850099	  355.000000
  501.008130	  361.000000
  501.166159	  367.000000
  501.324186	  373.000000
  501.482212	  380.000000
  501.640235	  387.000000
  501.798257	  393.000000
  501.956276	  399.000000
  502.114294	  406.000000
  502.272310	  412.000000
  502.430324	  419.000000
  502.588336	  426.000000
  502.746346	  433.000000
  502.904354	  441.000000
  503.062360	  447.000000
  503.220364	  454.000000
  503.378366	  462.000000
  503.536367	  471.000000
  503.694365	  478.000000
  503.852362	  486.000000
  504.010356	  495.000000
  504.168349	  501.000000
  504.326339	  509.000000
  504.484328	  518.000000
  504.642315	  526.000000
  504.800300	  536.000000
  504.958282	  545.000000
  505.116263	  553.000000
  505.274242	  561.000000
  505.432219	  570.000000
  505.590194	  579.000000
  505.748167	  589.000000
  505.906139	  600.000000
  506.064108	  608.000000
  506.222075	  618.000000
  506.380040	  628.000000
  506.538004	  639.000000
  506.695965	  650.000000
  506.853925	  660.000000
  507.011882	  670.000000
  507.169838	  680.000000
  507.327791	  690.000000
  507.485743	  700.000000
  507.643692	  712.000000
  507.801640	  725.000000
  507.959586	  735.000000
  508.117529	  746.000000
  508.275471	  756.000000
  508.433411	  766.000000
  508.591349	  778.000000
  508.749284	  790.000000
  508.907218	  801.000000
  509.065150	  814.000000
  509.223080	  824.000000
  509.381008	  834.000000
  509.538934	  845.000000
  509.696858	  857.000000
  509.854780	  868.000000
  510.012700	  881.000000
  510.170618	  890.000000
  510.328534	  901.000000
  510.486448	  912.000000
  510.644360	  924.000000
  510.802270	  935.000000
  510.960178	  947.000000
  511.118084	  959.000000
  511.275988	  969.000000
  511.433890	  979.000000
  511.591790	  991.000000
  511.749688	 1003.000000
  511.907584	 1016.000000
  512.065478	 1030.000000
  512.223370	 1040.000000
  512.381260	 1052.000000
  512.539148	 1062.000000
  512.697035	 1073.000000
  512.854919	 1086.000000
  513.012801	 1103.000000
  513.170681	 1113.000000
  513.328559	 1124.000000
  513.486435	 1136.000000
  513.644309	 1148.000000
  513.802181	 1160.000000
  513.960051	 1175.000000
  514.117919	 1188.000000
  514.275785	 1200.000000
  514.433649	 1215.000000
  514.591510	 1226.000000
  514.749370	 1239.000000
  514.907228	 1254.000000
  515.065084	 1271.000000
  515.222938	 1284.000000
  515.380790	 1301.000000
  515.538639	 1313.000000
  515.696487	 1327.000000
  515.854333	 1342.000000
  516.012177	 1358.000000
  516.170018	 1375.000000
  516.327858	 1394.000000
  516.485695	 1409.000000
  516.643531	 1423.000000
  516.801365	 1439.000000
  516.959196	 1457.000000
  517.117025	 1472.000000
  517.274853	 1492.000000
  517.432678	 1509.000000
  517.590502	 1526.000000
  517.748323	 1543.000000
  517.906142	 1559.000000
  518.063959	 1576.000000
  518.221774	 1596.000000
  518.379587	 1615.000000
  518.537399	 1633.000000
  518.695208	 1652.000000
  518.853014	 1668.000000
  519.010819	 1683.000000
  519.168622	 1702.000000
  519.326423	 1723.000000
  519.484222	 1741.000000
  519.642018	 1761.000000
  519.799813	 1780.000000
  519.957606	 1793.000000
  520.115396	 1816.000000
  520.273184	 1830.000000
  520.430971	 1849.000000
  520.588755	 1868.000000
  520.746537	 1888.000000
  520.904317	 1903.000000
  521.062096	 1916.000000
  521.219872	 1933.000000
  521.377646	 1950.000000
  521.535417	 1968.000000
  521.693187	 1988.000000
  521.850955	 2005.000000
  522.008721	 2018.000000
  522.166484	 2035.000000
  522.324246	 2050.000000
  522.482005	 2063.000000
  522.639762	 2083.000000
  522.797518	 2102.000000
  522.955271	 2117.000000
  523.113022	 2133.000000
  523.270771	 2148.000000
  523.428518	 2164.000000
  523.586263	 2177.000000
  523.744005	 2197.000000
  523.901746	 2212.000000
  524.059485	 2228.000000
  524.217221	 2247.000000
  524.374956	 2259.000000
  524.532688	 2272.000000
  524.690418	 2294.000000
  524.848146	 2309.000000
  525.005872	 2325.000000
  525.163596	 2345.000000
  525.321318	 2359.000000
  525.479037	 2373.000000
  525.636755	 2391.000000
  525.794470	 2408.000000
  525.952184	 2425.000000
  526.109895	 2445.000000
  526.267604	 2465.000000
  526.425311	 2480.000000
  526.583016	 2498.000000
  526.740719	 2516.000000
  526.898420	 2530.000000
  527.056118	 2551.000000
  527.213815	 2573.000000
  527.371509	 2591.000000
  527.529201	 2608.000000
  527.686892	 2625.000000
  527.844580	 2640.000000
  528.002265	 2655.000000
  528.159949	 2674.000000
  528.317631	 2696.000000
  528.475310	 2713.000000
  528.632988	 2732.000000
  528.790663	 2750.000000
  528.948336	 2764.000000
  529.106007	 2777.000000
  529.263676	 2801.000000
  529.421343	 2820.000000
  529.579007	 2837.000000
  529.736670	 2858.000000
  529.894330	 2871.000000
  530.051988	 2882.000000
  530.209644	 2898.000000
  530.367298	 2915.000000
  530.524950	 2929.000000
  530.682600	 2949.000000
  530.840247	 2968.000000
  530.997893	 2975.000000
  531.155536	 2986.000000
  531.313177	 2999.000000
  531.470816	 3011.000000
  531.628452	 3022.000000
  531.786087	 3041.000000
  531.943719	 3055.000000
  532.101350	 3060.000000
  532.258978	 3073.000000
  532.416604	 3082.000000
  532.574228	 3088.000000
  532.731849	 3101.000000
  532.889469	 3120.000000
  533.047086	 3128.000000
  533.204701	 3136.000000
  533.362315	 3145.000000
  533.519925	 3148.000000
  533.677534	 3153.000000
  533.835141	 3166.000000
  533.992745	 3183.000000
  534.150347	 3188.000000
  534.307947	 3199.000000
  534.465545	 3207.000000
  534.623141	 3207.000000
  534.780734	 3220.000000
  534.938326	 3227.000000
  535.095915	 3235.000000
  535.253502	 3240.000000
  535.411087	 3256.000000
  535.568669	 3260.000000
  535.726250	 3262.000000
  535.883828	 3267.000000
  536.041404	 3277.000000
  536.198978	 3285.000000
  536.356550	 3297.000000
  536.514119	 3312.000000
  536.671687	 3317.000000
  536.829252	 3321.000000
  536.986815	 3331.000000
  537.144375	 3339.000000
  537.301934	 3341.000000
  537.459490	 3355.000000
  537.617045	 3383.000000
  537.774597	 3376.000000
  537.932146	 3386.000000
  538.089694	 3393.000000
  538.247239	 3395.000000
  538.404783	 3401.000000
  538.562324	 3419.000000
  538.719862	 3431.000000
  538.877399	 3438.000000
  539.034933	 3450.000000
  539.192465	 3459.000000
  539.349995	 3458.000000
  539.507523	 3464.000000
  539.665049	 3478.000000
  539.822572	 3499.000000
  539.980093	 3497.000000
  540.137612	 3511.000000
  540.295129	 3517.000000
  540.452643	 3516.000000
  540.610156	 3530.000000
  540.767666	 3529.000000
  540.925173	 3537.000000
  541.082679	 3544.000000
  541.240182	 3559.000000
  541.397684	 3557.000000
  541.555182	 3558.000000
  541.712679	 3566.000000
  541.870174	 3563.000000
  542.027666	 3565.000000
  542.185156	 3569.000000
  542.342644	 3582.000000
  542.500129	 3581.000000
  542.657613	 3579.000000
  542.815094	 3578.000000
  542.972572	 3576.000000
  543.130049	 3571.000000
  543.287523	 3575.000000
  543.444996	 3584.000000
  543.602465	 3578.000000
  543.759933	 3576.000000
  543.917398	 3577.000000
  544.074862	 3569.000000
  544.232323	 3560.000000
  544.389781	 3559.000000
  544.547238	 3566.000000
  544.704692	 3559.000000
  544.862144	 3564.000000
  545.019593	 3563.000000
  545.177041	 3550.000000
  545.334486	 3543.000000
  545.491929	 3543.000000
  545.649370	 3544.000000
  545.806808	 3539.000000
  545.964244	 3541.000000
  546.121678	 3548.000000
  546.279110	 3540.000000
  546.436539	 3534.000000
  546.593966	 3531.000000
  546.751391	 3526.000000
  546.908813	 3528.000000
  547.066234	 3523.000000
  547.223652	 3535.000000
  547.381067	 3529.000000
  547.538481	 3522.000000
  547.695892	 3525.000000
  547.853301	 3520.000000
  548.010708	 3517.000000
  548.168112	 3522.000000
  548.325514	 3531.000000
  548.482914	 3529.000000
  548.640312	 3530.000000
  548.797707	 3531.000000
  548.955100	 3527.000000
  549.112491	 3519.000000
  549.269879	 3527.000000
  549.427265	 3532.000000
  549.584649	 3535.000000
  549.742031	 3538.000000
  549.899410	 3545.000000
  550.056787	 3542.000000
  550.214162	 3534.000000
  550.371534	 3538.000000
  550.528904	 3544.000000
  550.686272	 3545.000000
  550.843637	 3549.000000
  551.001001	 3559.000000
  551.158362	 3558.000000
  551.315720	 3547.000000
  551.473077	 3552.000000
  551.630431	 3551.000000
  551.787782	 3548.000000
  551.945132	 3546.000000
  552.102479	 3556.000000
  552.259824	 3563.000000
  552.417166	 3547.000000
  552.574506	 3543.000000
  552.731844	 3541.000000
  552.889180	 3529.000000
  553.046513	 3528.000000
  553.203844	 3531.000000
  553.361173	 3530.000000
  553.518499	 3524.000000
  553.675823	 3518.000000
  553.833145	 3512.000000
  553.990464	 3500.000000
  554.147781	 3490.000000
  554.305096	 3493.000000
  554.462408	 3493.000000
  554.619718	 3483.000000
  554.777026	 3478.000000
  554.934331	 3476.000000
  555.091634	 3459.000000
  555.248935	 3451.000000
  555.406234	 3445.000000
  555.563530	 3444.000000
  555.720823	 3436.000000
  555.878115	 3434.000000
  556.035404	 3430.000000
  556.192691	 3420.000000
  556.349975	 3404.000000
  556.507257	 3399.000000
  556.664537	 3395.000000
  556.821814	 3387.000000
  556.979089	 3382.000000
  557.136362	 3384.000000
  557.293632	 3382.000000
  557.450900	 3366.000000
  557.608166	 3362.000000
  557.765429	 3360.000000
  557.922690	 3353.000000
  558.079949	 3346.000000
  558.237205	 3349.000000
  558.394459	 3352.000000
  558.551711	 3339.000000
  558.708960	 3337.000000
  558.866207	 3334.000000
  559.023451	 3326.000000
  559.180693	 3316.000000
  559.337933	 3318.000000
  559.495171	 3321.000000
  559.652406	 3316.000000
  559.809638	 3315.000000
  559.966869	 3319.000000
  560.124097	 3313.000000
  560.281322	 3310.000000
  560.438545	 3300.000000
  560.595766	 3307.000000
  560.752985	 3300.000000
  560.910201	 3297.000000
  561.067414	 3302.000000
  561.224626	 3302.000000
  561.381835	 3291.000000
  561.539041	 3293.000000
  561.696246	 3289.000000
  561.853447	 3288.000000
  562.010647	 3283.000000
  562.167844	 3290.000000
  562.325039	 3291.000000
  562.482231	 3286.000000
  562.639421	 3278.000000
  562.796608	 3282.000000
  562.953794	 3275.000000
  563.110976	 3266.000000
  563.268157	 3265.000000
  563.425335	 3279.000000
  563.582510	 3268.000000
  563.739683	 3261.000000
  563.896854	 3257.000000
  564.054023	 3255.000000
  564.211189	 3244.000000
  564.368352	 3238.000000
  564.525513	 3237.000000
  564.682672	 3238.000000
  564.839829	 3229.000000
  564.996983	 3224.000000
  565.154134	 3222.000000
  565.311283	 3211.000000
  565.468430	 3194.000000
  565.625575	 3191.000000
  565.782716	 3189.000000
  565.939856	 3181.000000
  566.096993	 3171.000000
  566.254128	 3168.000000
  566.411260	 3162.000000
  566.568390	 3146.000000
  566.725518	 3134.000000
  566.882643	 3129.000000
  567.039765	 3123.000000
  567.196885	 3124.000000
  567.354003	 3113.000000
  567.511119	 3115.000000
  567.668232	 3109.000000
  567.825342	 3096.000000
  567.982450	 3090.000000
  568.139556	 3084.000000
  568.296659	 3076.000000
  568.453760	 3069.000000
  568.610858	 3070.000000
  568.767954	 3075.000000
  568.925048	 3063.000000
  569.082139	 3057.000000
  569.239227	 3055.000000
  569.396314	 3048.000000
  569.553397	 3040.000000
  569.710479	 3039.000000
  569.867558	 3043.000000
  570.024634	 3046.000000
  570.181708	 3040.000000
  570.338780	 3042.000000
  570.495849	 3043.000000
  570.652915	 3035.000000
  570.809980	 3030.000000
  570.967041	 3033.000000
  571.124101	 3038.000000
  571.281158	 3038.000000
  571.438212	 3038.000000
  571.595264	 3042.000000
  571.752314	 3043.000000
  571.909361	 3034.000000
  572.066405	 3034.000000
  572.223447	 3037.000000
  572.380487	 3036.000000
  572.537524	 3035.000000
  572.694559	 3040.000000
  572.851591	 3045.000000
  573.008621	 3041.000000
  573.165648	 3034.000000
  573.322673	 3035.000000
  573.479696	 3032.000000
  573.636716	 3027.000000
  573.793733	 3025.000000
  573.950748	 3029.000000
  574.107761	 3035.000000
  574.264771	 3028.000000
  574.421778	 3023.000000
  574.578784	 3024.000000
  574.735786	 3020.000000
  574.892786	 3014.000000
  575.049784	 3009.000000
  575.206779	 3011.000000
  575.363772	 3015.000000
  575.520762	 3005.000000
  575.677750	 3003.000000
  575.834735	 3003.000000
  575.991718	 2989.000000
  576.148698	 2978.000000
  576.305676	 2975.000000
  576.462651	 2976.000000
  576.619624	 2974.000000
  576.776595	 2966.000000
  576.933562	 2965.000000
  577.090528	 2963.000000
  577.247491	 2951.000000
  577.404451	 2940.000000
  577.561409	 2934.000000
  577.718364	 2931.000000
  577.875317	 2925.000000
  578.032267	 2915.000000
  578.189215	 2915.000000
  578.346160	 2914.000000
  578.503103	 2900.000000
  578.660043	 2889.000000
  578.816981	 2883.000000
  578.973917	 2875.000000
  579.130849	 2868.000000
  579.287780	 2864.000000
  579.444707	 2865.000000
  579.601633	 2862.000000
  579.758555	 2851.000000
  579.915476	 2846.000000
  580.072393	 2845.000000
  580.229308	 2838.000000
  580.386221	 2832.000000
  580.543131	 2829.000000
  580.700039	 2833.000000
  580.856944	 2832.000000
  581.013846	 2828.000000
  581.170746	 2826.000000
  581.327644	 2826.000000
  581.484539	 2821.000000
  581.641431	 2814.000000
  581.798321	 2814.000000
  581.955209	 2822.000000
  582.112094	 2818.000000
  582.268976	 2818.000000
  582.425856	 2822.000000
  582.582733	 2827.000000
  582.739608	 2819.000000
  582.896480	 2813.000000
  583.053349	 2817.000000
  583.210216	 2819.000000
  583.367081	 2822.000000
  583.523943	 2821.000000
  583.680802	 2827.000000
  583.837659	 2833.000000
  583.994514	 2828.000000
  584.151366	 2827.000000
  584.308215	 2828.000000
  584.465061	 2835.000000
  584.621906	 2827.000000
  584.778747	 2827.000000
  584.935586	 2833.000000
  585.092423	 2841.000000
  585.249257	 2839.000000
  585.406088	 2838.000000
  585.562917	 2839.000000
  585.719743	 2842.000000
  585.876567	 2837.000000
  586.033388	 2834.000000
  586.190206	 2840.000000
  586.347022	 2847.000000
  586.503836	 2844.000000
  586.660647	 2843.000000
  586.817455	 2841.000000
  586.974261	 2837.000000
  587.131064	 2829.000000
  587.287864	 2824.000000
  587.444662	 2822.000000
  587.601458	 2828.000000
  587.758251	 2823.000000
  587.915041	 2819.000000
  588.071829	 2820.000000
  588.228614	 2818.000000
  588.385396	 2809.000000
  588.542176	 2800.000000
  588.698954	 2797.000000
  588.855728	 2799.000000
  589.012501	 2793.000000
  589.169270	 2788.000000
  589.326037	 2789.000000
  589.482802	 2790.000000
  589.639564	 2780.000000
  589.796323	 2774.000000
  589.953079	 2767.000000
  590.109833	 2763.000000
  590.266585	 2770.000000
  590.423334	 2753.000000
  590.580080	 2753.000000
  590.736824	 2757.000000
  590.893565	 2753.000000
  591.050303	 2743.000000
  591.207039	 2738.000000
  591.363772	 2736.000000
  591.520503	 2727.000000
  591.677231	 2724.000000
  591.833957	 2719.000000
  591.990679	 2724.000000
  592.147400	 2725.000000
  592.304117	 2715.000000
  592.460832	 2713.000000
  592.617545	 2712.000000
  592.774254	 2705.000000
  592.930962	 2699.000000
  593.087666	 2696.000000
  593.244368	 2697.000000
  593.401067	 2698.000000
  593.557764	 2691.000000
  593.714458	 2691.000000
  593.871150	 2695.000000
  594.027838	 2691.000000
  594.184525	 2684.000000
  594.341208	 2678.000000
  594.497889	 2678.000000
  594.654567	 2681.000000
  594.811243	 2679.000000
  594.967916	 2683.000000
  595.124587	 2684.000000
  595.281254	 2687.000000
  595.437920	 2682.000000
  595.594582	 2680.000000
  595.751242	 2681.000000
  595.907899	 2684.000000
  596.064554	 2684.000000
  596.221206	 2683.000000
  596.377855	 2691.000000
  596.534502	 2693.000000
  596.691146	 2692.000000
  596.847787	 2687.000000
  597.004426	 2686.000000
  597.161062	 2686.000000
  597.317695	 2681.000000
  597.474326	 2678.000000
  597.630954	 2679.000000
  597.787580	 2686.000000
  597.944203	 2687.000000
  598.100823	 2682.000000
  598.257440	 2681.000000
  598.414055	 2681.000000
  598.570668	 2676.000000
  598.727277	 2671.000000
  598.883884	 2669.000000
  599.040488	 2669.000000
  599.197090	 2674.000000
  599.353689	 2671.000000
  599.510285	 2667.000000
  599.666879	 2668.000000
  599.823469	 2663.000000
  599.980058	 2654.000000
  600.136643	 2646.000000
  600.293226	 2641.000000
  600.449806	 2640.000000
  600.606384	 2636.000000
  600.762959	 2634.000000
  600.919531	 2628.000000
  601.076101	 2629.000000
  601.232667	 2622.000000
  601.389232	 2612.000000
  601.545793	 2605.000000
  601.702352	 2599.000000
  601.858908	 2593.000000
  602.015461	 2587.000000
  602.172012	 2582.000000
  602.328560	 2581.000000
  602.485106	 2579.000000
  602.641648	 2569.000000
  602.798188	 2560.000000
  602.954726	 2556.000000
  603.111260	 2549.000000
  603.267792	 2541.000000
  603.424321	 2534.000000
  603.580848	 2531.000000
  603.737372	 2531.000000
  603.893893	 2528.000000
  604.050411	 2520.000000
  604.206927	 2515.000000
  604.363440	 2509.000000
  604.519950	 2501.000000
  604.676458	 2492.000000
  604.832963	 2488.000000
  604.989465	 2487.000000
  605.145965	 2487.000000
  605.302461	 2482.000000
  605.458955	 2477.000000
  605.615447	 2477.000000
  605.771935	 2472.000000
  605.928421	 2464.000000
  606.084905	 2459.000000
  606.241385	 2454.000000
  606.397863	 2454.000000
  606.554338	 2451.000000
  606.710810	 2447.000000
  606.867280	 2447.000000
  607.023747	 2450.000000
  607.180211	 2447.000000
  607.336673	 2440.000000
  607.493131	 2436.000000
  607.649587	 2436.000000
  607.806041	 2434.000000
  607.962491	 2431.000000
  608.118939	 2431.000000
  608.275384	 2432.000000
  608.431826	 2437.000000
  608.588266	 2435.000000
  608.744703	 2431.000000
  608.901137	 2430.000000
  609.057569	 2429.000000
  609.213997	 2426.000000
  609.370423	 2425.000000
  609.526846	 2427.000000
  609.683267	 2429.000000
  609.839685	 2432.000000
  609.996100	 2431.000000
  610.152512	 2430.000000
  610.308921	 2433.000000
  610.465328	 2430.000000
  610.621732	 2427.000000
  610.778133	 2424.000000
  610.934532	 2422.000000
  611.090927	 2425.000000
  611.247320	 2427.000000
  611.403711	 2426.000000
  611.560098	 2424.000000
  611.716483	 2425.000000
  611.872865	 2424.000000
  612.029244	 2416.000000
  612.185620	 2412.000000
  612.341994	 2409.000000
  612.498365	 2408.000000
  612.654733	 2409.000000
  612.811098	 2404.000000
  612.967461	 2403.000000
  613.123821	 2403.000000
  613.280178	 2398.000000
  613.436532	 2389.000000
  613.592884	 2386.000000
  613.749232	 2379.000000
  613.905578	 2374.000000
  614.061922	 2369.000000
  614.218262	 2365.000000
  614.374600	 2361.000000
  614.530935	 2363.000000
  614.687267	 2356.000000
  614.843596	 2347.000000
  614.999923	 2340.000000
  615.156246	 2333.000000
  615.312567	 2327.000000
  615.468885	 2321.000000
  615.625201	 2315.000000
  615.781513	 2313.000000
  615.937823	 2311.000000
  616.094130	 2305.000000
  616.250434	 2299.000000
  616.406736	 2294.000000
  616.563034	 2288.000000
  616.719330	 2281.000000
  616.875623	 2272.000000
  617.031914	 2265.000000
  617.188201	 2261.000000
  617.344486	 2257.000000
  617.500768	 2254.000000
  617.657047	 2249.000000
  617.813323	 2245.000000
  617.969596	 2242.000000
  618.125867	 2235.000000
  618.282135	 2227.000000
  618.438400	 2222.000000
  618.594662	 2217.000000
  618.750921	 2214.000000
  618.907178	 2212.000000
  619.063432	 2208.000000
  619.219683	 2207.000000
  619.375931	 2207.000000
  619.532176	 2201.000000
  619.688419	 2197.000000
  619.844658	 2194.000000
  620.000895	 2188.000000
  620.157129	 2185.000000
  620.313361	 2183.000000
  620.469589	 2182.000000
  620.625815	 2183.000000
  620.782037	 2185.000000
  620.938257	 2184.000000
  621.094474	 2179.000000
  621.250689	 2174.000000
  621.406900	 2172.000000
  621.563109	 2167.000000
  621.719314	 2165.000000
  621.875517	 2161.000000
  622.031717	 2160.000000
  622.187915	 2163.000000
  622.344109	 2162.000000
  622.500301	 2159.000000
  622.656490	 2158.000000
  622.812675	 2158.000000
  622.968859	 2154.000000
  623.125039	 2149.000000
  623.281216	 2146.000000
  623.437391	 2144.000000
  623.593562	 2146.000000
  623.749731	 2147.000000
  623.905897	 2147.000000
  624.062060	 2151.000000
  624.218221	 2146.000000
  624.374378	 2145.000000
  624.530533	 2139.000000
  624.686684	 2135.000000
  624.842833	 2136.000000
  624.998979	 2130.000000
  625.155122	 2129.000000
  625.311263	 2128.000000
  625.467400	 2125.000000
  625.623535	 2126.000000
  625.779666	 2126.000000
  625.935795	 2120.000000
  626.091921	 2112.000000
  626.248044	 2112.000000
  626.404165	 2103.000000
  626.560282	 2098.000000
  626.716397	 2095.000000
  626.872508	 2091.000000
  627.028617	 2090.000000
  627.184723	 2086.000000
  627.340826	 2083.000000
  627.496926	 2077.000000
  627.653023	 2070.000000
  627.809118	 2066.000000
  627.965209	 2061.000000
  628.121298	 2055.000000
  628.277383	 2050.000000
  628.433466	 2047.000000
  628.589546	 2044.000000
  628.745623	 2042.000000
  628.901698	 2038.000000
  629.057769	 2029.000000
  629.213837	 2023.000000
  629.369903	 2019.000000
  629.525965	 2011.000000
  629.682025	 2003.000000
  629.838082	 1996.000000
  629.994136	 1993.000000
  630.150187	 1990.000000
  630.306235	 1986.000000
  630.462280	 1982.000000
  630.618323	 1982.000000
  630.774362	 1973.000000
  630.930399	 1967.000000
  631.086433	 1959.000000
  631.242463	 1954.000000
  631.398491	 1948.000000
  631.554516	 1943.000000
  631.710538	 1941.000000
  631.866557	 1937.000000
  632.022573	 1935.000000
  632.178587	 1935.000000
  632.334597	 1931.000000
  632.490605	 1926.000000
  632.646609	 1920.000000
  632.802611	 1914.000000
  632.958610	 1910.000000
  633.114605	 1906.000000
  633.270598	 1904.000000
  633.426588	 1901.000000
  633.582575	 1900.000000
  633.738559	 1900.000000
  633.894541	 1899.000000
  634.050519	 1894.000000
  634.206494	 1891.000000
  634.362467	 1888.000000
  634.518436	 1884.000000
  634.674403	 1881.000000
  634.830366	 1879.000000
  634.986327	 1878.000000
  635.142285	 1880.000000
  635.298240	 1879.000000
  635.454192	 1878.000000
  635.610140	 1878.000000
  635.766086	 1880.000000
  635.922030	 1873.000000
  636.077970	 1870.000000
  636.233907	 1866.000000
  636.389841	 1865.000000
  636.545772	 1863.000000
  636.701701	 1864.000000
  636.857626	 1865.000000
  637.013549	 1864.000000
  637.169468	 1868.000000
  637.325385	 1861.000000
  637.481298	 1859.000000
  637.637209	 1856.000000
  637.793117	 1852.000000
  637.949022	 1850.000000
  638.104923	 1850.000000
  638.260822	 1848.000000
  638.416718	 1848.000000
  638.572611	 1848.000000
  638.728501	 1848.000000
  638.884388	 1848.000000
  639.040272	 1846.000000
  639.196153	 1842.000000
  639.352031	 1839.000000
  639.507906	 1835.000000
  639.663779	 1832.000000
  639.819648	 1829.000000
  639.975514	 1827.000000
  640.131377	 1826.000000
  640.287238	 1824.000000
  640.443095	 1823.000000
  640.598949	 1820.000000
  640.754801	 1815.000000
  640.910649	 1810.000000
  641.066494	 1805.000000
  641.222337	 1799.000000
  641.378176	 1794.000000
  641.534013	 1790.000000
  641.689846	 1787.000000
  641.845677	 1785.000000
  642.001504	 1783.000000
  642.157329	 1779.000000
  642.313150	 1775.000000
  642.468969	 1773.000000
  642.624785	 1767.000000
  642.780597	 1761.000000
  642.936407	 1754.000000
  643.092213	 1748.000000
  643.248017	 1745.000000
  643.403817	 1740.000000
  643.559615	 1737.000000
  643.715410	 1732.000000
  643.871201	 1728.000000
  644.026990	 1724.000000
  644.182776	 1718.000000
  644.338558	 1710.000000
  644.494338	 1704.000000
  644.650114	 1698.000000
  644.805888	 1693.000000
  644.961659	 1688.000000
  645.117426	 1685.000000
  645.273191	 1680.000000
  645.428952	 1682.000000
  645.584711	 1673.000000
  645.740466	 1670.000000
  645.896219	 1663.000000
  646.051968	 1656.000000
  646.207715	 1653.000000
  646.363458	 1648.000000
  646.519199	 1644.000000
  646.674936	 1637.000000
  646.830671	 1634.000000
  646.986402	 1633.000000
  647.142130	 1634.000000
  647.297856	 1631.000000
  647.453578	 1634.000000
  647.609297	 1626.000000
  647.765014	 1620.000000
  647.920727	 1614.000000
  648.076437	 1610.000000
  648.232144	 1607.000000
  648.387848	 1605.000000
  648.543549	 1603.000000
  648.699247	 1603.000000
  648.854942	 1601.000000
  649.010634	 1600.000000
  649.166323	 1599.000000
  649.322009	 1596.000000
  649.477692	 1595.000000
  649.633372	 1592.000000
  649.789049	 1589.000000
  649.944722	 1587.000000
  650.100393	 1586.000000
  650.256061	 1585.000000
  650.411725	 1585.000000
  650.567387	 1586.000000
  650.723045	 1586.000000
  650.878701	 1587.000000
  651.034353	 1586.000000
  651.190003	 1584.000000
  651.345649	 1582.000000
  651.501292	 1582.000000
  651.656932	 1579.000000
  651.812569	 1578.000000
  651.968204	 1579.000000
  652.123835	 1580.000000
  652.279462	 1580.000000
  652.435087	 1580.000000
  652.590709	 1581.000000
  652.746328	 1581.000000
  652.901944	 1577.000000
  653.057556	 1575.000000
  653.213166	 1572.000000
  653.368772	 1570.000000
  653.524376	 1568.000000
  653.679976	 1566.000000
  653.835573	 1567.000000
  653.991167	 1567.000000
  654.146758	 1568.000000
  654.302346	 1569.000000
  654.457931	 1566.000000
  654.613513	 1565.000000
  654.769092	 1563.000000
  654.924668	 1563.000000
  655.080240	 1558.000000
  655.235810	 1554.000000
  655.391376	 1551.000000
  655.546940	 1554.000000
  655.702500	 1549.000000
  655.858057	 1550.000000
  656.013611	 1548.000000
  656.169162	 1545.000000
  656.324710	 1543.000000
  656.480255	 1539.000000
  656.635797	 1534.000000
  656.791335	 1530.000000
  656.946871	 1526.000000
  657.102403	 1521.000000
  657.257933	 1518.000000
  657.413459	 1516.000000
  657.568982	 1512.000000
  657.724502	 1510.000000
  657.880019	 1508.000000
  658.035533	 1503.000000
  658.191043	 1500.000000
  658.346551	 1493.000000
  658.502056	 1489.000000
  658.657557	 1484.000000
  658.813055	 1480.000000
  658.968550	 1477.000000
  659.124042	 1473.000000
  659.279531	 1470.000000
  659.435017	 1466.000000
  659.590500	 1463.000000
  659.745980	 1460.000000
  659.901456	 1455.000000
  660.056929	 1448.000000
  660.212400	 1443.000000
  660.367867	 1438.000000
  660.523331	 1431.000000
  660.678792	 1426.000000
  660.834249	 1425.000000
  660.989704	 1418.000000
  661.145155	 1415.000000
  661.300604	 1412.000000
  661.456049	 1407.000000
  661.611491	 1403.000000
  661.766930	 1397.000000
  661.922366	 1391.000000
  662.077798	 1387.000000
  662.233228	 1379.000000
  662.388654	 1375.000000
  662.544078	 1371.000000
  662.699498	 1366.000000
  662.854915	 1363.000000
  663.010329	 1360.000000
  663.165739	 1358.000000
  663.321147	 1354.000000
  663.476551	 1349.000000
  663.631953	 1345.000000
  663.787351	 1339.000000
  663.942746	 1335.000000
  664.098138	 1329.000000
  664.253526	 1326.000000
  664.408912	 1322.000000
  664.564294	 1320.000000
  664.719673	 1317.000000
  664.875049	 1313.000000
  665.030422	 1310.000000
  665.185792	 1307.000000
  665.341159	 1304.000000
  665.496522	 1304.000000
  665.651882	 1294.000000
  665.807239	 1291.000000
  665.962593	 1287.000000
  666.117944	 1284.000000
  666.273292	 1282.000000
  666.428636	 1280.000000
  666.583977	 1279.000000
  666.739316	 1281.000000
  666.894650	 1277.000000
  667.049982	 1275.000000
  667.205311	 1274.000000
  667.360636	 1270.000000
  667.515958	 1268.000000
  667.671277	 1264.000000
  667.826593	 1262.000000
  667.981906	 1260.000000
  668.137216	 1259.000000
  668.292522	 1257.000000
  668.447825	 1256.000000
  668.603125	 1255.000000
  668.758422	 1253.000000
  668.913715	 1251.000000
  669.069006	 1249.000000
  669.224293	 1246.000000
  669.379577	 1242.000000
  669.534858	 1238.000000
  669.690136	 1235.000000
  669.845410	 1233.000000
  670.000681	 1231.000000
  670.155949	 1230.000000
  670.311214	 1234.000000
  670.466476	 1229.000000
  670.621734	 1227.000000
  670.776990	 1224.000000
  670.932242	 1221.000000
  671.087491	 1218.000000
  671.242736	 1213.000000
  671.397979	 1210.000000
  671.553218	 1207.000000
  671.708454	 1204.000000
  671.863687	 1202.000000
  672.018917	 1201.000000
  672.174143	 1198.000000
  672.329366	 1196.000000
  672.484586	 1194.000000
  672.639803	 1191.000000
  672.795017	 1188.000000
  672.950227	 1183.000000
  673.105434	 1178.000000
  673.260638	 1174.000000
  673.415839	 1170.000000
  673.571036	 1166.000000
  673.726230	 1163.000000
  673.881422	 1159.000000
  674.036609	 1157.000000
  674.191794	 1155.000000
  674.346975	 1151.000000
  674.502153	 1147.000000
  674.657328	 1142.000000
  674.812500	 1138.000000
  674.967668	 1133.000000
  675.122834	 1128.000000
  675.277996	 1124.000000
  675.433154	 1120.000000
  675.588310	 1117.000000
  675.743462	 1115.000000
  675.898611	 1112.000000
  676.053757	 1109.000000
  676.208900	 1106.000000
  676.364039	 1101.000000
  676.519175	 1098.000000
  676.674308	 1093.000000
  676.829437	 1089.000000
  676.984564	 1083.000000
  677.139687	 1079.000000
  677.294807	 1075.000000
  677.449923	 1071.000000
  677.605037	 1069.000000
  677.760147	 1067.000000
  677.915254	 1064.000000
  678.070357	 1061.000000
  678.225457	 1058.000000
  678.380555	 1054.000000
  678.535648	 1051.000000
  678.690739	 1047.000000
  678.845826	 1045.000000
  679.000910	 1039.000000
  679.155991	 1036.000000
  679.311069	 1033.000000
  679.466143	 1030.000000
  679.621214	 1028.000000
  679.776282	 1027.000000
  679.931346	 1024.000000
  680.086407	 1024.000000
  680.241465	 1020.000000
  680.396520	 1016.000000
  680.551571	 1014.000000
  680.706619	 1011.000000
  680.861664	 1009.000000
  681.016706	 1006.000000
  681.171744	 1004.000000
  681.326779	 1003.000000
  681.481811	 1001.000000
  681.636839	 1000.000000
  681.791864	  999.000000
  681.946886	  997.000000
  682.101905	  996.000000
  682.256920	  992.000000
  682.411932	  989.000000
  682.566941	  987.000000
  682.721946	  985.000000
  682.876948	  982.000000
  683.031947	  981.000000
  683.186943	  980.000000
  683.341935	  979.000000
  683.496924	  979.000000
  683.651909	  979.000000
  683.806892	  978.000000
  683.961871	  976.000000
  684.116847	  976.000000
  684.271819	  973.000000
  684.426788	  972.000000
  684.581754	  969.000000
  684.736717	  967.000000
  684.891676	  964.000000
  685.046632	  963.000000
  685.201585	  962.000000
  685.356534	  961.000000
  685.511480	  959.000000
  685.666423	  960.000000
  685.821362	  958.000000
  685.976298	  956.000000
  686.131231	  954.000000
  686.286161	  951.000000
  686.441087	  948.000000
  686.596010	  945.000000
  686.750929	  944.000000
  686.905846	  942.000000
  687.060758	  941.000000
  687.215668	  940.000000
  687.370574	  939.000000
  687.525477	  937.000000
  687.680377	  936.000000
  687.835273	  934.000000
  687.990166	  931.000000
  688.145056	  928.000000
  688.299942	  926.000000
  688.454825	  921.000000
  688.609705	  918.000000
  688.764581	  917.000000
  688.919454	  913.000000
  689.074323	  911.000000
  689.229190	  909.000000
  689.384053	  907.000000
  689.538912	  905.000000
  689.693769	  902.000000
  689.848621	  899.000000
  690.003471	  896.000000
  690.158317	  892.000000
  690.313160	  889.000000
  690.468000	  886.000000
  690.622836	  882.000000
  690.777669	  879.000000
  690.932498	  877.000000
  691.087324	  874.000000
  691.242147	  873.000000
  691.396967	  870.000000
  691.551783	  868.000000
  691.706596	  866.000000
  691.861405	  862.000000
  692.016211	  858.000000
  692.171014	  855.000000
  692.325813	  850.000000
  692.480609	  847.000000
  692.635402	  843.000000
  692.790191	  840.000000
  692.944977	  837.000000
  693.099759	  834.000000
  693.254538	  832.000000
  693.409314	  829.000000
  693.564086	  826.000000
  693.718855	  824.000000
  693.873621	  820.000000
  694.028383	  817.000000
  694.183142	  812.000000
  694.337898	  808.000000
  694.492650	  805.000000
  694.647399	  801.000000
  694.802144	  798.000000
  694.956886	  796.000000
  695.111625	  794.000000
  695.266360	  792.000000
  695.421092	  791.000000
  695.575821	  788.000000
  695.730546	  786.000000
  695.885267	  785.000000
  696.039986	  780.000000
  696.194701	  777.000000
  696.349412	  774.000000
  696.504121	  770.000000
  696.658825	  768.000000
  696.813527	  765.000000
  696.968225	  764.000000
  697.122919	  762.000000
  697.277611	  760.000000
  697.432298	  758.000000
  697.586983	  757.000000
  697.741664	  755.000000
  697.896341	  752.000000
  698.051016	  749.000000
  698.205686	  746.000000
  698.360354	  743.000000
  698.515018	  741.000000
  698.669678	  739.000000
  698.824336	  737.000000
  698.978989	  735.000000
  699.133640	  734.000000
  699.288287	  733.000000
  699.442930	  732.000000
  699.597570	  731.000000
  699.752207	  729.000000
  699.906840	  728.000000
  700.061470	  726.000000
  700.216097	  724.000000
  700.370720	  722.000000
  700.525339	  720.000000
  700.679956	  718.000000
  700.834569	  716.000000
  700.989178	  715.000000
  701.143784	  714.000000
  701.298386	  714.000000
  701.452985	  712.000000
  701.607581	  711.000000
  701.762173	  709.000000
  701.916762	  707.000000
  702.071348	  705.000000
  702.225929	  704.000000
  702.380508	  701.000000
  702.535083	  697.000000
  702.689655	  696.000000
  702.844223	  694.000000
  702.998788	  693.000000
  703.153349	  692.000000
  703.307907	  691.000000
  703.462461	  692.000000
  703.617012	  689.000000
  703.771560	  689.000000
  703.926104	  688.000000
  704.080645	  686.000000
  704.235182	  685.000000
  704.389716	  682.000000
  704.544246	  680.000000
  704.698773	  678.000000
  704.853296	  676.000000
  705.007816	  675.000000
  705.162333	  674.000000
  705.316846	  673.000000
  705.471355	  672.000000
  705.625861	  670.000000
  705.780364	  670.000000
  705.934863	  668.000000
  706.089359	  666.000000
  706.243851	  664.000000
  706.398340	  662.000000
  706.552826	  660.000000
  706.707308	  657.000000
  706.861786	  655.000000
  707.016261	  654.000000
  707.170732	  652.000000
  707.325200	  650.000000
  707.479665	  649.000000
  707.634126	  648.000000
  707.788584	  647.000000
  707.943038	  644.000000
  708.097489	  642.000000
  708.251936	  640.000000
  708.406379	  639.000000
  708.560820	  635.000000
  708.715256	  633.000000
  708.869690	  633.000000
  709.024120	  629.000000
  709.178546	  626.000000
  709.332969	  625.000000
  709.487388	  623.000000
  709.641804	  621.000000
  709.796216	  623.000000
  709.950625	  618.000000
  710.105030	  616.000000
  710.259432	  614.000000
  710.413831	  612.000000
  710.568226	  609.000000
  710.722617	  606.000000
  710.877005	  604.000000
  711.031389	  602.000000
  711.185770	  599.000000
  711.340148	  598.000000
  711.494522	  596.000000
  711.648892	  596.000000
  711.803259	  594.000000
  711.957622	  593.000000
  712.111982	  592.000000
  712.266339	  589.000000
  712.420692	  587.000000
  712.575041	  585.000000
  712.729387	  583.000000
  712.883729	  582.000000
  713.038068	  579.000000
  713.192403	  578.000000
  713.346735	  576.000000
  713.501064	  574.000000
  713.655388	  574.000000
  713.809710	  572.000000
  713.964027	  572.000000
  714.118342	  570.000000
  714.272652	  569.000000
  714.426960	  568.000000
  714.581263	  566.000000
  714.735563	  564.000000
  714.889860	  563.000000
  715.044153	  561.000000
  715.198443	  560.000000
  715.352729	  558.000000
  715.507011	  557.000000
  715.661290	  557.000000
  715.815566	  556.000000
  715.969838	  555.000000
  716.124106	  554.000000
  716.278371	  556.000000
  716.432632	  553.000000
  716.586890	  551.000000
  716.741144	  550.000000
  716.895395	  548.000000
  717.049642	  549.000000
  717.203886	  546.000000
  717.358126	  544.000000
  717.512362	  545.000000
  717.666595	  544.000000
  717.820825	  543.000000
  717.975050	  544.000000
  718.129273	  543.000000
  718.283492	  543.000000
  718.437707	  542.000000
  718.591918	  542.000000
  718.746127	  541.000000
  718.900331	  540.000000
  719.054532	  540.000000
  719.208730	  538.000000
  719.362923	  537.000000
  719.517114	  536.000000
  719.671301	  536.000000
  719.825484	  537.000000
  719.979663	  536.000000
  720.133840	  536.000000
  720.288012	  537.000000
  720.442181	  537.000000
  720.596346	  535.000000
  720.750508	  534.000000
  720.904667	  536.000000
  721.058821	  533.000000
  721.212972	  531.000000
  721.367120	  530.000000
  721.521264	  529.000000
  721.675404	  528.000000
  721.829541	  528.000000
  721.983674	  527.000000
  722.137804	  527.000000
  722.291930	  527.000000
  722.446052	  527.000000
  722.600171	  527.000000
  722.754287	  526.000000
  722.908398	  526.000000
  723.062507	  525.000000
  723.216611	  524.000000
  723.370712	  522.000000
  723.524810	  521.000000
  723.678903	  521.000000
  723.832994	  520.000000
  723.987080	  519.000000
  724.141163	  518.000000
  724.295243	  518.000000
  724.449319	  517.000000
  724.603391	  516.000000
  724.757460	  515.000000
  724.911525	  514.000000
  725.065586	  513.000000
  725.219644	  511.000000
  725.373698	  511.000000
  725.527749	  509.000000
  725.681796	  506.000000
  725.835839	  506.000000
  725.989879	  504.000000
  726.143915	  503.000000
  726.297948	  503.000000
  726.451977	  502.000000
  726.606002	  502.000000
  726.760024	  501.000000
  726.914042	  500.000000
  727.068057	  500.000000
  727.222068	  498.000000
  727.376075	  496.000000
  727.530079	  494.000000
  727.684079	  493.000000
  727.838075	  491.000000
  727.992068	  489.000000
  728.146057	  487.000000
  728.300043	  486.000000
  728.454025	  485.000000
  728.608003	  483.000000
  728.761978	  482.000000
  728.915949	  481.000000
  729.069917	  480.000000
  729.223880	  478.000000
  729.377841	  477.000000
  729.531797	  475.000000
  729.685750	  473.000000
  729.839699	  471.000000
  729.993645	  469.000000
  730.147587	  468.000000
  730.301526	  467.000000
  730.455460	  464.000000
  730.609391	  463.000000
  730.763319	  462.000000
  730.917243	  461.000000
  731.071163	  461.000000
  731.225079	  460.000000
  731.378992	  459.000000
  731.532902	  457.000000
  731.686807	  456.000000
  731.840709	  455.000000
  731.994607	  454.000000
  732.148502	  452.000000
  732.302393	  450.000000
  732.456280	  449.000000
  732.610164	  447.000000
  732.764044	  446.000000
  732.917921	  447.000000
  733.071793	  444.000000
  733.225662	  446.000000
  733.379528	  442.000000
  733.533389	  442.000000
  733.687248	  441.000000
  733.841102	  440.000000
  733.994953	  439.000000
  734.148800	  437.000000
  734.302643	  435.000000
  734.456483	  435.000000
  734.610319	  432.000000
  734.764151	  432.000000
  734.917980	  432.000000
  735.071805	  431.000000
  735.225627	  431.000000
  735.379444	  429.000000
  735.533258	  429.000000
  735.687069	  429.000000
  735.840875	  428.000000
  735.994678	  428.000000
  736.148478	  427.000000
  736.302273	  426.000000
  736.456065	  425.000000
  736.609854	  424.000000
  736.763638	  423.000000
  736.917419	  421.000000
  737.071196	  421.000000
  737.224970	  420.000000
  737.378740	  420.000000
  737.532506	  420.000000
  737.686268	  419.000000
  737.840027	  418.000000
  737.993782	  418.000000
  738.147533	  417.000000
  738.301281	  417.000000
  738.455025	  416.000000
  738.608765	  416.000000
  738.762502	  414.000000
  738.916235	  413.000000
  739.069964	  412.000000
  739.223690	  411.000000
  739.377411	  411.000000
  739.531129	  410.000000
  739.684844	  410.000000
  739.838554	  410.000000
  739.992261	  410.000000
  740.145965	  409.000000
  740.299664	  408.000000
  740.453360	  408.000000
  740.607052	  408.000000
  740.760740	  407.000000
  740.914425	  406.000000
  741.068106	  405.000000
  741.221783	  404.000000
  741.375457	  403.000000
  741.529127	  402.000000
  741.682793	  400.000000
  741.836455	  400.000000
  741.990114	  401.000000
  742.143769	  399.000000
  742.297420	  399.000000
  742.451067	  399.000000
  742.604711	  399.000000
  742.758351	  398.000000
  742.911987	  396.000000
  743.065620	  395.000000
  743.219249	  395.000000
  743.372874	  393.000000
  743.526495	  392.000000
  743.680113	  390.000000
  743.833726	  389.000000
  743.987337	  388.000000
  744.140943	  388.000000
  744.294546	  387.000000
  744.448145	  386.000000
  744.601740	  386.000000
  744.755331	  385.000000
  744.908919	  384.000000
  745.062503	  383.000000
  745.216083	  381.000000
  745.369659	  380.000000
  745.523232	  379.000000
  745.676801	  378.000000
  745.830366	  377.000000
  745.983928	  376.000000
  746.137485	  374.000000
  746.291039	  373.000000
  746.444590	  373.000000
  746.598136	  371.000000
  746.751679	  370.000000
  746.905218	  369.000000
  747.058753	  369.000000
  747.212284	  367.000000
  747.365812	  366.000000
  747.519336	  365.000000
  747.672856	  364.000000
  747.826372	  363.000000
  747.979885	  360.000000
  748.133393	  359.000000
  748.286898	  357.000000
  748.440400	  356.000000
  748.593897	  355.000000
  748.747391	  354.000000
  748.900881	  353.000000
  749.054367	  352.000000
  749.207850	  351.000000
  749.361328	  350.000000
  749.514803	  349.000000
  749.668274	  349.000000
  749.821741	  348.000000
  749.975205	  346.000000
  750.128665	  344.000000
  750.282121	  343.000000
  750.435573	  341.000000
  750.589021	  340.000000
  750.742466	  338.000000
  750.895906	  337.000000
  751.049343	  336.000000
  751.202777	  335.000000
  751.356206	  334.000000
  751.509632	  333.000000
  751.663054	  333.000000
  751.816472	  332.000000
  751.969886	  331.000000
  752.123296	  330.000000
  752.276703	  329.000000
  752.430106	  327.000000
  752.583505	  326.000000
  752.736900	  325.000000
  752.890292	  325.000000
  753.043679	  323.000000
  753.197063	  322.000000
  753.350443	  321.000000
  753.503820	  320.000000
  753.657192	  319.000000
  753.810561	  319.000000
  753.963925	  318.000000
  754.117286	  317.000000
  754.270644	  317.000000
  754.423997	  316.000000
  754.577347	  315.000000
  754.730692	  313.000000
  754.884034	  312.000000
  755.037372	  312.000000
  755.190707	  310.000000
  755.344037	  311.000000
  755.497364	  308.000000
  755.650687	  308.000000
  755.804006	  308.000000
  755.957321	  307.000000
  756.110632	  307.000000
  756.263940	  307.000000
  756.417244	  306.000000
  756.570543	  306.000000
  756.723840	  305.000000
  756.877132	  304.000000
  757.030420	  303.000000
  757.183705	  301.000000
  757.336985	  301.000000
  757.490262	  299.000000
  757.643535	  299.000000
  757.796805	  298.000000
  757.950070	  297.000000
  758.103332	  297.000000
  758.256589	  298.000000
  758.409843	  297.000000
  758.563093	  297.000000
  758.716339	  298.000000
  758.869582	  298.000000
  759.022820	  297.000000
  759.176055	  297.000000
  759.329286	  297.000000
  759.482513	  296.000000
  759.635736	  296.000000
  759.788955	  295.000000
  759.942170	  293.000000
  760.095382	  293.000000
  760.248589	  293.000000
  760.401793	  292.000000
  760.554993	  293.000000
  760.708189	  292.000000
  760.861382	  292.000000
  761.014570	  292.000000
  761.167755	  291.000000
  761.320935	  292.000000
  761.474112	  291.000000
  761.627285	  291.000000
  761.780454	  290.000000
  761.933619	  290.000000
  762.086781	  289.000000
  762.239938	  289.000000
  762.393092	  289.000000
  762.546241	  288.000000
  762.699387	  288.000000
  762.852529	  288.000000
  763.005667	  287.000000
  763.158801	  287.000000
  763.311932	  287.000000
  763.465058	  287.000000
  763.618181	  287.000000
  763.771300	  286.000000
  763.924414	  286.000000
  764.077525	  285.000000
  764.230632	  285.000000
  764.383736	  285.000000
  764.536835	  283.000000
  764.689930	  282.000000
  764.843022	  282.000000
  764.996109	  281.000000
  765.149193	  280.000000
  765.302273	  281.000000
  765.455349	  279.000000
  765.608421	  280.000000
  765.761489	  279.000000
  765.914554	  278.000000
  766.067614	  280.000000
  766.220670	  277.000000
  766.373723	  277.000000
  766.526772	  276.000000
  766.679816	  275.000000
  766.832857	  275.000000
  766.985894	  273.000000
  767.138927	  273.000000
  767.291957	  271.000000
  767.444982	  271.000000
  767.598003	  269.000000
  767.751021	  269.000000
  767.904034	  268.000000
  768.057044	  268.000000
  768.210049	  266.000000
  768.363051	  266.000000
  768.516049	  265.000000
  768.669043	  264.000000
  768.822033	  263.000000
  768.975019	  263.000000
  769.128001	  261.000000
  769.280980	  260.000000
  769.433954	  260.000000
  769.586925	  258.000000
  769.739891	  258.000000
  769.892854	  257.000000
  770.045812	  256.000000
  770.198767	  255.000000
  770.351718	  254.000000
  770.504665	  253.000000
  770.657608	  253.000000
  770.810547	  252.000000
  770.963482	  252.000000
  771.116413	  252.000000
  771.269340	  251.000000
  771.422264	  249.000000
  771.575183	  249.000000
  771.728098	  248.000000
  771.881010	  246.000000
  772.033918	  245.000000
  772.186821	  244.000000
  772.339721	  243.000000
  772.492617	  243.000000
  772.645508	  242.000000
  772.798396	  241.000000
  772.951280	  241.000000
  773.104160	  241.000000
  773.257036	  240.000000
  773.409908	  239.000000
  773.562776	  238.000000
  773.715640	  238.000000
  773.868500	  238.000000
  774.021357	  237.000000
  774.174209	  236.000000
  774.327057	  235.000000
  774.479902	  234.000000
  774.632742	  233.000000
  774.785579	  233.000000
  774.938411	  232.000000
  775.091240	  231.000000
  775.244064	  230.000000
  775.396885	  230.000000
  775.549701	  230.000000
  775.702514	  229.000000
  775.855323	  229.000000
  776.008128	  228.000000
  776.160928	  227.000000
  776.313725	  227.000000
  776.466518	  227.000000
  776.619307	  226.000000
  776.772092	  225.000000
  776.924873	  225.000000
  777.077650	  223.000000
  777.230423	  224.000000
  777.383192	  223.000000
  777.535957	  223.000000
  777.688718	  222.000000
  777.841475	  221.000000
  777.994228	  224.000000
  778.146977	  221.000000
  778.299722	  222.000000
  778.452463	  221.000000
  778.605200	  221.000000
  778.757933	  220.000000
  778.910662	  220.000000
  779.063387	  219.000000
  779.216109	  219.000000
  779.368826	  219.000000
  779.521539	  218.000000
  779.674248	  217.000000
  779.826953	  217.000000
  779.979655	  217.000000
  780.132352	  216.000000
  780.285045	  216.000000
  780.437734	  216.000000
  780.590419	  215.000000
  780.743101	  215.000000
  780.895778	  215.000000
  781.048451	  215.000000
  781.201120	  215.000000
  781.353785	  215.000000
  781.506446	  213.000000
  781.659104	  214.000000
  781.811757	  214.000000
  781.964406	  213.000000
  782.117051	  212.000000
  782.269692	  212.000000
  782.422329	  212.000000
  782.574962	  212.000000
  782.727591	  211.000000
  782.880217	  211.000000
  783.032838	  210.000000
  783.185455	  211.000000
  783.338068	  210.000000
  783.490677	  211.000000
  783.643282	  209.000000
  783.795882	  208.000000
  783.948479	  208.000000
  784.101072	  208.000000
  784.253661	  208.000000
  784.406246	  207.000000
  784.558827	  206.000000
  784.711403	  206.000000
  784.863976	  206.000000
  785.016545	  205.000000
  785.169110	  205.000000
  785.321670	  204.000000
  785.474227	  204.000000
  785.626779	  204.000000
  785.779328	  204.000000
  785.931872	  203.000000
  786.084413	  202.000000
  786.236949	  202.000000
  786.389482	  202.000000
  786.542010	  200.000000
  786.694534	  200.000000
  786.847055	  200.000000
  786.999571	  199.000000
  787.152083	  198.000000
  787.304591	  197.000000
  787.457095	  197.000000
  787.609595	  196.000000
  787.762091	  196.000000
  787.914583	  195.000000
  788.067071	  194.000000
  788.219554	  194.000000
  788.372034	  193.000000
  788.524510	  192.000000
  788.676981	  193.000000
  788.829449	  192.000000
  788.981912	  192.000000
  789.134372	  191.000000
  789.286827	  191.000000
  789.439279	  190.000000
  789.591726	  189.000000
  789.744169	  188.000000
  789.896608	  187.000000
  790.049043	  186.000000
  790.201474	  186.000000
  790.353901	  185.000000
  790.506324	  185.000000
  790.658743	  184.000000
  790.811157	  183.000000
  790.963568	  183.000000
  791.115974	  182.000000
  791.268377	  182.000000
  791.420775	  181.000000
  791.573170	  180.000000
  791.725560	  180.000000
  791.877946	  179.000000
  792.030328	  178.000000
  792.182706	  177.000000
  792.335080	  177.000000
  792.487450	  176.000000
  792.639815	  176.000000
  792.792177	  175.000000
  792.944535	  174.000000
  793.096888	  174.000000
  793.249237	  173.000000
  793.401583	  172.000000
  793.553924	  172.000000
  793.706261	  172.000000
  793.858594	  171.000000
  794.010923	  172.000000
  794.163248	  169.000000
  794.315568	  170.000000
  794.467885	  169.000000
  794.620197	  168.000000
  794.772506	  167.000000
  794.924810	  167.000000
  795.077110	  166.000000
  795.229406	  166.000000
  795.381698	  166.000000
  795.533986	  165.000000
  795.686270	  164.000000
  795.838550	  164.000000
  795.990825	  163.000000
  796.143097	  163.000000
  796.295364	  163.000000
  796.447627	  163.000000
  796.599886	  162.000000
  796.752141	  161.000000
  796.904392	  161.000000
  797.056639	  161.000000
  797.208881	  161.000000
  797.361120	  160.000000
  797.513354	  159.000000
  797.665585	  158.000000
  797.817811	  158.000000
  797.970033	  157.000000
  798.122251	  157.000000
  798.274464	  157.000000
  798.426674	  156.000000
  798.578879	  157.000000
  798.731081	  156.000000
  798.883278	  155.000000
  799.035471	  156.000000
  799.187660	  156.000000
  799.339845	  155.000000
  799.492026	  155.000000
  799.644202	  154.000000
  799.796375	  154.000000
  799.948543	  154.000000
  800.100707	  153.000000
  800.252867	  153.000000
  800.405023	  153.000000
  800.557175	  152.000000
  800.709323	  152.000000
  800.861466	  152.000000
  801.013605	  152.000000
  801.165740	  152.000000
  801.317871	  151.000000
  801.469998	  152.000000
  801.622121	  151.000000
  801.774240	  151.000000
  801.926354	  151.000000
  802.078464	  150.000000
  802.230570	  150.000000
  802.382672	  150.000000
  802.534770	  150.000000
  802.686864	  149.000000
  802.838953	  148.000000
  802.991039	  149.000000
  803.143120	  148.000000
  803.295197	  148.000000
  803.447270	  147.000000
  803.599338	  147.000000
  803.751403	  147.000000
  803.903463	  147.000000
  804.055519	  147.000000
  804.207571	  148.000000
  804.359619	  148.000000
  804.511663	  147.000000
  804.663702	   77.000000
  804.815738	   89.000000
