  479.101322	    3.000000
  479.259618	    0.000000
  479.417912	    6.000000
  479.576204	    6.000000
  479.734495	    7.000000
  479.892783	    7.000000
  480.051070	    8.000000
  480.209356	    8.000000
  480.367639	    8.000000
  480.525921	    8.000000
  480.684201	    9.000000
  480.842479	    9.000000
  481.000756	    8.000000
  481.159031	   10.000000
  481.317304	   10.000000
  481.475576	   10.000000
  481.633845	    9.000000
  481.792113	   10.000000
  481.950379	   11.000000
  482.108644	   11.000000
  482.266906	   11.000000
  482.425167	   11.000000
  482.583427	   12.000000
  482.741684	   13.000000
  482.899940	   13.000000
  483.058194	   13.000000
  483.216446	   13.000000
  483.374696	   14.000000
  483.532945	   15.000000
  483.691192	   15.000000
  483.849437	   15.000000
  484.007681	   16.000000
  484.165922	   17.000000
  484.324162	   16.000000
  484.482400	   17.000000
  484.640637	   17.000000
  484.798871	   18.000000
  484.957104	   19.000000
  485.115335	   19.000000
  485.273564	   19.000000
  485.431792	   20.000000
  485.590018	   20.000000
  485.748242	   22.000000
  485.906464	   22.000000
  486.064684	   22.000000
  486.222903	   22.000000
  486.381120	   24.000000
  486.539335	   24.000000
  486.697548	   25.000000
  486.855760	   26.000000
  487.013970	   26.000000
  487.172178	   28.000000
  487.330384	   28.000000
  487.488588	   28.000000
  487.646791	   29.000000
  487.804992	   30.000000
  487.963191	   30.000000
  488.121388	   32.000000
  488.279583	   32.000000
  488.437777	   33.000000
  488.595969	   33.000000
  488.754159	   35.000000
  488.912347	   35.000000
  489.070534	   35.000000
  489.228718	   37.000000
  489.386901	   37.000000
  489.545082	   38.000000
  489.703262	   39.000000
  489.861439	   41.000000
  490.019615	   41.000000
  490.177789	   41.000000
  490.335961	   43.000000
  490.494131	   44.000000
  490.652299	   44.000000
  490.810466	   46.000000
  490.968631	   47.000000
  491.126794	   48.000000
  491.284955	   50.000000
  491.443114	   51.000000
  491.601272	   51.000000
  491.759428	   53.000000
  491.917582	   54.000000
  492.075734	   56.000000
  492.233884	   57.000000
  492.392033	   58.000000
  492.550179	   59.000000
  492.708324	   60.000000
  492.866467	   62.000000
  493.024608	   62.000000
  493.182747	   63.000000
  493.340885	   65.000000
  493.499021	   66.000000
  493.657154	   68.000000
  493.815286	   69.000000
  493.973416	   71.000000
  494.131545	   72.000000
  494.289671	   74.000000
  494.447796	   76.000000
  494.605919	   78.000000
  494.764040	   79.000000
  494.922159	   81.000000
  495.080276	   83.000000
  495.238391	   84.000000
  495.396505	   86.000000
  495.554617	   89.000000
  495.712727	   90.000000
  495.870835	   92.000000
  496.028941	   95.000000
  496.187045	   97.000000
  496.345148	   99.000000
  496.503248	  100.000000
  496.661347	  103.000000
  496.819444	  104.000000
  496.977539	  106.000000
  497.135632	  107.000000
  497.293723	  110.000000
  497.451813	  112.000000
  497.609901	  114.000000
  497.767986	  117.000000
  497.926070	  118.000000
  498.084152	  119.000000
  498.242232	  122.000000
  498.400311	  124.000000
  498.558387	  126.000000
  498.716461	  128.000000
  498.874534	  131.000000
  499.032605	  133.000000
  499.190674	  136.000000
  499.348741	  139.000000
  499.506806	  141.000000
  499.664869	  144.000000
  499.822931	  147.000000
  499.980990	  149.000000
  500.139048	  152.000000
  500.297103	  154.000000
  500.455157	  158.000000
  500.613209	  160.000000
  500.771259	  163.000000
  500.929308	  166.000000
  501.087354	  169.000000
  501.245398	  171.000000
  501.403441	  174.000000
  501.561481	  176.000000
  501.719520	  180.000000
  501.877557	  182.000000
  502.035592	  185.000000
  502.193625	  188.000000
  502.351656	  190.000000
  502.509685	  193.000000
  502.667713	  197.000000
  502.825738	  200.000000
  502.983762	  204.000000
  503.141783	  207.000000
  503.299803	  210.000000
  503.457821	  214.000000
  503.615837	  219.000000
  503.773851	  222.000000
  503.931863	  226.000000
  504.089873	  229.000000
  504.247881	  234.000000
  504.405887	  239.000000
  504.563892	  243.000000
  504.721894	  247.000000
  504.879895	  251.000000
  505.037894	  256.000000
  505.195890	  260.000000
  505.353885	  264.000000
  505.511878	  269.000000
  505.669869	  275.000000
  505.827858	  278.000000
  505.985845	  283.000000
  506.143830	  288.000000
  506.301814	  293.000000
  506.459795	  296.000000
  506.617774	  300.000000
  506.775752	  305.000000
  506.933727	  309.000000
  507.091701	  314.000000
  507.249673	  319.000000
  507.407642	  324.000000
  507.565610	  329.000000
  507.723576	  334.000000
  507.881540	  338.000000
  508.039502	  344.000000
  508.197462	  349.000000
  508.355420	  354.000000
  508.513376	  360.000000
  508.671330	  366.000000
  508.829282	  371.000000
  508.987233	  377.000000
  509.145181	  382.000000
  509.303127	  388.000000
  509.461072	  393.000000
  509.619014	  400.000000
  509.776955	  405.000000
  509.934893	  411.000000
  510.092830	  417.000000
  510.250764	  422.000000
  510.408697	  428.000000
  510.566628	  434.000000
  510.724556	  440.000000
  510.882483	  445.000000
  511.040408	  451.000000
  511.198331	  457.000000
  511.356252	  462.000000
  511.514170	  468.000000
  511.672087	  473.000000
  511.830002	  479.000000
  511.987915	  484.000000
  512.145826	  490.000000
  512.303735	  495.000000
  512.461642	  502.000000
  512.619547	  507.000000
  512.777451	  516.000000
  512.935352	  520.000000
  513.093251	  527.000000
  513.251148	  533.000000
  513.409043	  540.000000
  513.566936	  547.000000
  513.724827	  553.000000
  513.882717	  560.000000
  514.040604	  567.000000
  514.198489	  575.000000
  514.356372	  583.000000
  514.514254	  590.000000
  514.672133	  597.000000
  514.830010	  605.000000
  514.987885	  613.000000
  515.145759	  621.000000
  515.303630	  628.000000
  515.461499	  636.000000
  515.619366	  644.000000
  515.777232	  652.000000
  515.935095	  660.000000
  516.092956	  670.000000
  516.250815	  676.000000
  516.408673	  683.000000
  516.566528	  690.000000
  516.724381	  698.000000
  516.882232	  706.000000
  517.040081	  714.000000
  517.197928	  721.000000
  517.355774	  730.000000
  517.513617	  735.000000
  517.671458	  743.000000
  517.829297	  751.000000
  517.987134	  757.000000
  518.144969	  766.000000
  518.302802	  773.000000
  518.460633	  781.000000
  518.618462	  788.000000
  518.776289	  795.000000
  518.934114	  803.000000
  519.091937	  812.000000
  519.249758	  820.000000
  519.407577	  828.000000
  519.565394	  836.000000
  519.723209	  845.000000
  519.881021	  853.000000
  520.038832	  862.000000
  520.196641	  871.000000
  520.354447	  878.000000
  520.512252	  887.000000
  520.670055	  897.000000
  520.827855	  904.000000
  520.985654	  912.000000
  521.143450	  921.000000
  521.301244	  929.000000
  521.459037	  937.000000
  521.616827	  946.000000
  521.774615	  954.000000
  521.932402	  961.000000
  522.090186	  970.000000
  522.247968	  978.000000
  522.405748	  985.000000
  522.563526	  993.000000
  522.721302	 1001.000000
  522.879076	 1007.000000
  523.036848	 1015.000000
  523.194617	 1022.000000
  523.352385	 1031.000000
  523.510151	 1038.000000
  523.667914	 1046.000000
  523.825676	 1054.000000
  523.983435	 1061.000000
  524.141193	 1069.000000
  524.298948	 1078.000000
  524.456701	 1087.000000
  524.614453	 1095.000000
  524.772202	 1104.000000
  524.929949	 1113.000000
  525.087694	 1123.000000
  525.245437	 1133.000000
  525.403177	 1143.000000
  525.560916	 1153.000000
  525.718653	 1164.000000
  525.876387	 1176.000000
  526.034120	 1185.000000
  526.191850	 1197.000000
  526.349579	 1209.000000
  526.507305	 1220.000000
  526.665029	 1231.000000
  526.822751	 1243.000000
  526.980471	 1255.000000
  527.138189	 1265.000000
  527.295905	 1277.000000
  527.453619	 1293.000000
  527.611330	 1301.000000
  527.769040	 1311.000000
  527.926747	 1323.000000
  528.084453	 1334.000000
  528.242156	 1345.000000
  528.399857	 1358.000000
  528.557556	 1367.000000
  528.715253	 1378.000000
  528.872948	 1389.000000
  529.030641	 1401.000000
  529.188331	 1411.000000
  529.346020	 1421.000000
  529.503706	 1431.000000
  529.661391	 1441.000000
  529.819073	 1450.000000
  529.976753	 1459.000000
  530.134431	 1468.000000
  530.292107	 1483.000000
  530.449780	 1487.000000
  530.607452	 1498.000000
  530.765122	 1505.000000
  530.922789	 1515.000000
  531.080454	 1526.000000
  531.238117	 1536.000000
  531.395778	 1544.000000
  531.553437	 1554.000000
  531.711094	 1565.000000
  531.868749	 1574.000000
  532.026401	 1584.000000
  532.184052	 1595.000000
  532.341700	 1604.000000
  532.499346	 1618.000000
  532.656990	 1623.000000
  532.814632	 1634.000000
  532.972272	 1642.000000
  533.129910	 1652.000000
  533.287545	 1667.000000
  533.445178	 1670.000000
  533.602810	 1680.000000
  533.760439	 1690.000000
  533.918066	 1700.000000
  534.075690	 1708.000000
  534.233313	 1720.000000
  534.390934	 1731.000000
  534.548552	 1737.000000
  534.706168	 1746.000000
  534.863782	 1756.000000
  535.021394	 1766.000000
  535.179004	 1772.000000
  535.336611	 1782.000000
  535.494217	 1790.000000
  535.651820	 1798.000000
  535.809421	 1805.000000
  535.967020	 1815.000000
  536.124617	 1822.000000
  536.282212	 1829.000000
  536.439804	 1838.000000
  536.597395	 1847.000000
  536.754983	 1855.000000
  536.912569	 1863.000000
  537.070153	 1874.000000
  537.227734	 1881.000000
  537.385314	 1888.000000
  537.542891	 1900.000000
  537.700467	 1908.000000
  537.858040	 1916.000000
  538.015610	 1925.000000
  538.173179	 1937.000000
  538.330746	 1947.000000
  538.488310	 1955.000000
  538.645872	 1968.000000
  538.803432	 1980.000000
  538.960990	 1990.000000
  539.118545	 2002.000000
  539.276099	 2016.000000
  539.433650	 2025.000000
  539.591199	 2040.000000
  539.748746	 2051.000000
  539.906291	 2064.000000
  540.063833	 2076.000000
  540.221373	 2087.000000
  540.378911	 2101.000000
  540.536447	 2111.000000
  540.693981	 2122.000000
  540.851513	 2134.000000
  541.009042	 2146.000000
  541.166569	 2154.000000
  541.324094	 2165.000000
  541.481617	 2176.000000
  541.639137	 2186.000000
  541.796656	 2192.000000
  541.954172	 2205.000000
  542.111686	 2212.000000
  542.269198	 2220.000000
  542.426707	 2227.000000
  542.584214	 2237.000000
  542.741719	 2243.000000
  542.899222	 2248.000000
  543.056723	 2256.000000
  543.214222	 2264.000000
  543.371718	 2269.000000
  543.529212	 2275.000000
  543.686704	 2283.000000
  543.844193	 2288.000000
  544.001681	 2292.000000
  544.159166	 2300.000000
  544.316649	 2307.000000
  544.474130	 2311.000000
  544.631608	 2314.000000
  544.789084	 2322.000000
  544.946558	 2334.000000
  545.104030	 2332.000000
  545.261500	 2337.000000
  545.418967	 2347.000000
  545.576432	 2351.000000
  545.733895	 2356.000000
  545.891356	 2363.000000
  546.048815	 2372.000000
  546.206271	 2380.000000
  546.363725	 2386.000000
  546.521176	 2395.000000
  546.678626	 2403.000000
  546.836073	 2409.000000
  546.993518	 2420.000000
  547.150961	 2430.000000
  547.308402	 2437.000000
  547.465840	 2443.000000
  547.623276	 2455.000000
  547.780710	 2463.000000
  547.938141	 2472.000000
  548.095571	 2481.000000
  548.252998	 2493.000000
  548.410423	 2502.000000
  548.567845	 2512.000000
  548.725265	 2520.000000
  548.882683	 2533.000000
  549.040099	 2541.000000
  549.197513	 2551.000000
  549.354924	 2563.000000
  549.512333	 2573.000000
  549.669740	 2579.000000
  549.827144	 2591.000000
  549.984547	 2602.000000
  550.141946	 2610.000000
  550.299344	 2618.000000
  550.456740	 2631.000000
  550.614133	 2642.000000
  550.771524	 2646.000000
  550.928912	 2653.000000
  551.086299	 2665.000000
  551.243683	 2671.000000
  551.401064	 2678.000000
  551.558444	 2684.000000
  551.715821	 2694.000000
  551.873196	 2697.000000
  552.030569	 2703.000000
  552.187939	 2711.000000
  552.345307	 2716.000000
  552.502673	 2720.000000
  552.660037	 2725.000000
  552.817398	 2733.000000
  552.974757	 2742.000000
  553.132114	 2736.000000
  553.289468	 2743.000000
  553.446820	 2744.000000
  553.604170	 2745.000000
  553.761518	 2748.000000
  553.918863	 2754.000000
  554.076206	 2756.000000
  554.233547	 2761.000000
  554.390885	 2759.000000
  554.548221	 2764.000000
  554.705555	 2766.000000
  554.862886	 2770.000000
  555.020215	 2770.000000
  555.177542	 2779.000000
  555.334867	 2780.000000
  555.492189	 2785.000000
  555.649509	 2788.000000
  555.806827	 2793.000000
  555.964142	 2795.000000
  556.121455	 2807.000000
  556.278766	 2807.000000
  556.436074	 2816.000000
  556.593380	 2818.000000
  556.750684	 2826.000000
  556.907985	 2835.000000
  557.065284	 2842.000000
  557.222581	 2845.000000
  557.379876	 2853.000000
  557.537168	 2862.000000
  557.694458	 2868.000000
  557.851745	 2873.000000
  558.009030	 2883.000000
  558.166313	 2890.000000
  558.323594	 2896.000000
  558.480872	 2904.000000
  558.638148	 2910.000000
  558.795421	 2917.000000
  558.952693	 2920.000000
  559.109961	 2928.000000
  559.267228	 2938.000000
  559.424492	 2945.000000
  559.581754	 2950.000000
  559.739014	 2958.000000
  559.896271	 2973.000000
  560.053526	 2972.000000
  560.210778	 2975.000000
  560.368028	 2988.000000
  560.525276	 2996.000000
  560.682522	 3000.000000
  560.839765	 3006.000000
  560.997006	 3015.000000
  561.154244	 3023.000000
  561.311480	 3028.000000
  561.468714	 3037.000000
  561.625945	 3044.000000
  561.783174	 3050.000000
  561.940401	 3052.000000
  562.097625	 3060.000000
  562.254847	 3067.000000
  562.412067	 3071.000000
  562.569284	 3074.000000
  562.726499	 3081.000000
  562.883711	 3086.000000
  563.040922	 3089.000000
  563.198129	 3092.000000
  563.355335	 3100.000000
  563.512538	 3106.000000
  563.669739	 3107.000000
  563.826937	 3110.000000
  563.984133	 3114.000000
  564.141326	 3119.000000
  564.298518	 3118.000000
  564.455707	 3118.000000
  564.612893	 3123.000000
  564.770077	 3127.000000
  564.927259	 3126.000000
  565.084438	 3127.000000
  565.241615	 3132.000000
  565.398790	 3133.000000
  565.555962	 3132.000000
  565.713132	 3135.000000
  565.870299	 3144.000000
  566.027464	 3146.000000
  566.184627	 3145.000000
  566.341787	 3150.000000
  566.498945	 3158.000000
  566.656100	 3161.000000
  566.813253	 3164.000000
  566.970404	 3168.000000
  567.127552	 3175.000000
  567.284698	 3177.000000
  567.441842	 3180.000000
  567.598983	 3189.000000
  567.756122	 3194.000000
  567.913258	 3193.000000
  568.070392	 3199.000000
  568.227523	 3204.000000
  568.384653	 3210.000000
  568.541779	 3213.000000
  568.698904	 3214.000000
  568.856025	 3222.000000
  569.013145	 3230.000000
  569.170262	 3234.000000
  569.327377	 3238.000000
  569.484489	 3248.000000
  569.641599	 3253.000000
  569.798706	 3257.000000
  569.955811	 3262.000000
  570.112914	 3272.000000
  570.270014	 3278.000000
  570.427112	 3282.000000
  570.584207	 3289.000000
  570.741300	 3298.000000
  570.898390	 3302.000000
  571.055478	 3310.000000
  571.212564	 3318.000000
  571.369647	 3326.000000
  571.526728	 3332.000000
  571.683806	 3337.000000
  571.840882	 3345.000000
  571.997956	 3357.000000
  572.155027	 3363.000000
  572.312095	 3366.000000
  572.469162	 3374.000000
  572.626225	 3385.000000
  572.783287	 3391.000000
  572.940346	 3394.000000
  573.097402	 3402.000000
  573.254456	 3409.000000
  573.411508	 3414.000000
  573.568557	 3417.000000
  573.725603	 3426.000000
  573.882648	 3433.000000
  574.039689	 3438.000000
  574.196729	 3442.000000
  574.353765	 3451.000000
  574.510800	 3453.000000
  574.667832	 3467.000000
  574.824861	 3462.000000
  574.981888	 3470.000000
  575.138913	 3476.000000
  575.295935	 3480.000000
  575.452955	 3478.000000
  575.609972	 3483.000000
  575.766987	 3493.000000
  575.923999	 3494.000000
  576.081009	 3493.000000
  576.238017	 3497.000000
  576.395021	 3501.000000
  576.552024	 3502.000000
  576.709024	 3499.000000
  576.866021	 3506.000000
  577.023017	 3510.000000
  577.180009	 3514.000000
  577.336999	 3503.000000
  577.493987	 3508.000000
  577.650972	 3509.000000
  577.807955	 3509.000000
  577.964935	 3508.000000
  578.121913	 3512.000000
  578.278888	 3512.000000
  578.435861	 3514.000000
  578.592831	 3515.000000
  578.749799	 3516.000000
  578.906764	 3523.000000
  579.063727	 3525.000000
  579.220687	 3522.000000
  579.377645	 3527.000000
  579.534601	 3527.000000
  579.691554	 3528.000000
  579.848504	 3526.000000
  580.005452	 3528.000000
  580.162397	 3532.000000
  580.319340	 3535.000000
  580.476281	 3533.000000
  580.633219	 3536.000000
  580.790154	 3541.000000
  580.947087	 3541.000000
  581.104017	 3541.000000
  581.260945	 3545.000000
  581.417871	 3550.000000
  581.574794	 3556.000000
  581.731714	 3555.000000
  581.888632	 3558.000000
  582.045547	 3564.000000
  582.202460	 3567.000000
  582.359371	 3567.000000
  582.516279	 3572.000000
  582.673184	 3575.000000
  582.830087	 3579.000000
  582.986987	 3595.000000
  583.143885	 3581.000000
  583.300780	 3586.000000
  583.457673	 3590.000000
  583.614563	 3591.000000
  583.771451	 3590.000000
  583.928336	 3593.000000
  584.085219	 3600.000000
  584.242099	 3597.000000
  584.398977	 3600.000000
  584.555852	 3602.000000
  584.712724	 3608.000000
  584.869595	 3609.000000
  585.026462	 3604.000000
  585.183327	 3608.000000
  585.340190	 3612.000000
  585.497049	 3612.000000
  585.653907	 3611.000000
  585.810762	 3613.000000
  585.967614	 3613.000000
  586.124464	 3612.000000
  586.281311	 3604.000000
  586.438156	 3606.000000
  586.594998	 3610.000000
  586.751838	 3608.000000
  586.908675	 3604.000000
  587.065509	 3598.000000
  587.222341	 3596.000000
  587.379171	 3595.000000
  587.535998	 3589.000000
  587.692822	 3588.000000
  587.849644	 3579.000000
  588.006463	 3577.000000
  588.163280	 3569.000000
  588.320094	 3562.000000
  588.476905	 3556.000000
  588.633714	 3553.000000
  588.790521	 3541.000000
  588.947325	 3531.000000
  589.104126	 3529.000000
  589.260925	 3519.000000
  589.417721	 3509.000000
  589.574515	 3496.000000
  589.731306	 3487.000000
  589.888094	 3481.000000
  590.044880	 3470.000000
  590.201664	 3458.000000
  590.358444	 3447.000000
  590.515223	 3442.000000
  590.671998	 3435.000000
  590.828771	 3423.000000
  590.985542	 3412.000000
  591.142310	 3405.000000
  591.299075	 3396.000000
  591.455838	 3385.000000
  591.612598	 3375.000000
  591.769356	 3367.000000
  591.926111	 3361.000000
  592.082863	 3350.000000
  592.239613	 3336.000000
  592.396360	 3327.000000
  592.553105	 3319.000000
  592.709847	 3312.000000
  592.866587	 3299.000000
  593.023324	 3289.000000
  593.180058	 3283.000000
  593.336790	 3271.000000
  593.493519	 3267.000000
  593.650245	 3253.000000
  593.806969	 3247.000000
  593.963691	 3243.000000
  594.120409	 3233.000000
  594.277125	 3224.000000
  594.433839	 3217.000000
  594.590550	 3212.000000
  594.747258	 3205.000000
  594.903964	 3196.000000
  595.060667	 3192.000000
  595.217368	 3190.000000
  595.374066	 3185.000000
  595.530761	 3176.000000
  595.687454	 3173.000000
  595.844144	 3173.000000
  596.000831	 3170.000000
  596.157516	 3165.000000
  596.314198	 3161.000000
  596.470878	 3161.000000
  596.627555	 3159.000000
  596.784229	 3155.000000
  596.940901	 3149.000000
  597.097570	 3148.000000
  597.254237	 3148.000000
  597.410901	 3143.000000
  597.567562	 3137.000000
  597.724221	 3137.000000
  597.880877	 3137.000000
  598.037530	 3137.000000
  598.194181	 3133.000000
  598.350829	 3131.000000
  598.507474	 3130.000000
  598.664117	 3129.000000
  598.820757	 3125.000000
  598.977395	 3119.000000
  599.134030	 3120.000000
  599.290662	 3121.000000
  599.447292	 3115.000000
  599.603919	 3112.000000
  599.760543	 3112.000000
  599.917165	 3111.000000
  600.073784	 3109.000000
  600.230401	 3103.000000
  600.387015	 3100.000000
  600.543626	 3099.000000
  600.700234	 3098.000000
  600.856840	 3092.000000
  601.013443	 3085.000000
  601.170044	 3083.000000
  601.326642	 3081.000000
  601.483237	 3077.000000
  601.639830	 3069.000000
  601.796420	 3064.000000
  601.953007	 3061.000000
  602.109591	 3055.000000
  602.266173	 3049.000000
  602.422753	 3041.000000
  602.579329	 3036.000000
  602.735903	 3033.000000
  602.892475	 3027.000000
  603.049043	 3020.000000
  603.205609	 3013.000000
  603.362173	 3010.000000
  603.518733	 3002.000000
  603.675291	 2993.000000
  603.831846	 2986.000000
  603.988399	 2982.000000
  604.144949	 2977.000000
  604.301496	 2966.000000
  604.458041	 2957.000000
  604.614583	 2951.000000
  604.771122	 2944.000000
  604.927659	 2935.000000
  605.084192	 2923.000000
  605.240724	 2916.000000
  605.397252	 2912.000000
  605.553778	 2902.000000
  605.710301	 2891.000000
  605.866821	 2881.000000
  606.023339	 2874.000000
  606.179854	 2867.000000
  606.336367	 2864.000000
  606.492876	 2850.000000
  606.649383	 2843.000000
  606.805888	 2839.000000
  606.962389	 2831.000000
  607.118888	 2822.000000
  607.275384	 2816.000000
  607.431878	 2810.000000
  607.588369	 2804.000000
  607.744857	 2795.000000
  607.901342	 2786.000000
  608.057825	 2781.000000
  608.214305	 2777.000000
  608.370782	 2770.000000
  608.527257	 2763.000000
  608.683728	 2756.000000
  608.840198	 2749.000000
  608.996664	 2746.000000
  609.153128	 2739.000000
  609.309589	 2731.000000
  609.466047	 2726.000000
  609.622503	 2722.000000
  609.778955	 2715.000000
  609.935406	 2709.000000
  610.091853	 2701.000000
  610.248298	 2699.000000
  610.404740	 2696.000000
  610.561179	 2689.000000
  610.717615	 2685.000000
  610.874049	 2679.000000
  611.030480	 2676.000000
  611.186909	 2673.000000
  611.343334	 2666.000000
  611.499757	 2662.000000
  611.656177	 2659.000000
  611.812595	 2655.000000
  611.969009	 2652.000000
  612.125421	 2648.000000
  612.281831	 2643.000000
  612.438237	 2642.000000
  612.594641	 2640.000000
  612.751042	 2632.000000
  612.907440	 2626.000000
  613.063836	 2622.000000
  613.220228	 2619.000000
  613.376618	 2613.000000
  613.533006	 2606.000000
  613.689390	 2601.000000
  613.845772	 2596.000000
  614.002151	 2591.000000
  614.158527	 2585.000000
  614.314901	 2577.000000
  614.471272	 2574.000000
  614.627640	 2567.000000
  614.784005	 2561.000000
  614.940367	 2555.000000
  615.096727	 2548.000000
  615.253084	 2544.000000
  615.409438	 2540.000000
  615.565790	 2534.000000
  615.722139	 2527.000000
  615.878485	 2521.000000
  616.034828	 2517.000000
  616.191168	 2511.000000
  616.347506	 2503.000000
  616.503841	 2495.000000
  616.660173	 2490.000000
  616.816502	 2492.000000
  616.972829	 2478.000000
  617.129153	 2471.000000
  617.285474	 2463.000000
  617.441792	 2460.000000
  617.598107	 2457.000000
  617.754420	 2445.000000
  617.910730	 2436.000000
  618.067037	 2432.000000
  618.223341	 2426.000000
  618.379643	 2421.000000
  618.535942	 2413.000000
  618.692238	 2405.000000
  618.848531	 2398.000000
  619.004821	 2399.000000
  619.161109	 2387.000000
  619.317394	 2380.000000
  619.473676	 2375.000000
  619.629955	 2371.000000
  619.786232	 2367.000000
  619.942505	 2357.000000
  620.098776	 2351.000000
  620.255044	 2346.000000
  620.411310	 2342.000000
  620.567572	 2337.000000
  620.723832	 2332.000000
  620.880089	 2325.000000
  621.036343	 2322.000000
  621.192594	 2318.000000
  621.348843	 2312.000000
  621.505088	 2307.000000
  621.661331	 2305.000000
  621.817571	 2302.000000
  621.973809	 2295.000000
  622.130043	 2292.000000
  622.286275	 2287.000000
  622.442503	 2285.000000
  622.598729	 2283.000000
  622.754953	 2279.000000
  622.911173	 2273.000000
  623.067391	 2270.000000
  623.223605	 2268.000000
  623.379817	 2270.000000
  623.536026	 2262.000000
  623.692233	 2259.000000
  623.848436	 2255.000000
  624.004637	 2256.000000
  624.160834	 2252.000000
  624.317029	 2248.000000
  624.473222	 2246.000000
  624.629411	 2244.000000
  624.785597	 2243.000000
  624.941781	 2242.000000
  625.097962	 2237.000000
  625.254140	 2236.000000
  625.410315	 2235.000000
  625.566487	 2234.000000
  625.722657	 2231.000000
  625.878823	 2228.000000
  626.034987	 2225.000000
  626.191148	 2225.000000
  626.347306	 2223.000000
  626.503462	 2221.000000
  626.659614	 2218.000000
  626.815764	 2216.000000
  626.971910	 2215.000000
  627.128054	 2212.000000
  627.284195	 2208.000000
  627.440333	 2207.000000
  627.596469	 2204.000000
  627.752601	 2201.000000
  627.908731	 2200.000000
  628.064858	 2195.000000
  628.220981	 2191.000000
  628.377103	 2191.000000
  628.533221	 2192.000000
  628.689336	 2182.000000
  628.845449	 2178.000000
  629.001558	 2174.000000
  629.157665	 2171.000000
  629.313769	 2167.000000
  629.469870	 2163.000000
  629.625968	 2158.000000
  629.782063	 2154.000000
  629.938156	 2157.000000
  630.094245	 2147.000000
  630.250332	 2143.000000
  630.406416	 2137.000000
  630.562497	 2132.000000
  630.718575	 2130.000000
  630.874650	 2125.000000
  631.030722	 2118.000000
  631.186791	 2113.000000
  631.342858	 2107.000000
  631.498922	 2102.000000
  631.654982	 2096.000000
  631.811040	 2090.000000
  631.967095	 2085.000000
  632.123147	 2080.000000
  632.279197	 2074.000000
  632.435243	 2069.000000
  632.591286	 2062.000000
  632.747327	 2058.000000
  632.903365	 2052.000000
  633.059399	 2047.000000
  633.215431	 2041.000000
  633.371460	 2035.000000
  633.527486	 2031.000000
  633.683510	 2026.000000
  633.839530	 2022.000000
  633.995547	 2017.000000
  634.151562	 2012.000000
  634.307573	 2009.000000
  634.463582	 2005.000000
  634.619588	 2003.000000
  634.775591	 1998.000000
  634.931591	 1995.000000
  635.087588	 1992.000000
  635.243582	 1992.000000
  635.399573	 1988.000000
  635.555562	 1984.000000
  635.711547	 1980.000000
  635.867529	 1977.000000
  636.023509	 1975.000000
  636.179486	 1972.000000
  636.335459	 1969.000000
  636.491430	 1965.000000
  636.647398	 1963.000000
  636.803363	 1962.000000
  636.959325	 1960.000000
  637.115284	 1957.000000
  637.271241	 1956.000000
  637.427194	 1956.000000
  637.583144	 1955.000000
  637.739092	 1953.000000
  637.895036	 1952.000000
  638.050978	 1951.000000
  638.206917	 1957.000000
  638.362852	 1952.000000
  638.518785	 1951.000000
  638.674715	 1950.000000
  638.830642	 1950.000000
  638.986566	 1952.000000
  639.142487	 1952.000000
  639.298405	 1954.000000
  639.454320	 1952.000000
  639.610232	 1954.000000
  639.766142	 1956.000000
  639.922048	 1956.000000
  640.077951	 1956.000000
  640.233852	 1958.000000
  640.389749	 1958.000000
  640.545644	 1956.000000
  640.701535	 1955.000000
  640.857424	 1956.000000
  641.013310	 1955.000000
  641.169192	 1955.000000
  641.325072	 1955.000000
  641.480949	 1957.000000
  641.636823	 1956.000000
  641.792694	 1956.000000
  641.948562	 1956.000000
  642.104427	 1957.000000
  642.260289	 1960.000000
  642.416148	 1959.000000
  642.572004	 1959.000000
  642.727857	 1958.000000
  642.883707	 1959.000000
  643.039554	 1959.000000
  643.195399	 1958.000000
  643.351240	 1957.000000
  643.507078	 1955.000000
  643.662914	 1955.000000
  643.818746	 1953.000000
  643.974575	 1952.000000
  644.130402	 1950.000000
  644.286225	 1950.000000
  644.442045	 1946.000000
  644.597863	 1944.000000
  644.753677	 1942.000000
  644.909489	 1938.000000
  645.065297	 1935.000000
  645.221103	 1933.000000
  645.376905	 1931.000000
  645.532705	 1929.000000
  645.688502	 1924.000000
  645.844295	 1921.000000
  646.000086	 1919.000000
  646.155873	 1917.000000
  646.311658	 1912.000000
  646.467440	 1908.000000
  646.623218	 1905.000000
  646.778994	 1901.000000
  646.934766	 1898.000000
  647.090536	 1895.000000
  647.246303	 1889.000000
  647.402066	 1884.000000
  647.557827	 1880.000000
  647.713585	 1877.000000
  647.869339	 1871.000000
  648.025091	 1865.000000
  648.180839	 1859.000000
  648.336585	 1857.000000
  648.492328	 1849.000000
  648.648067	 1846.000000
  648.803804	 1839.000000
  648.959537	 1834.000000
  649.115268	 1829.000000
  649.270995	 1825.000000
  649.426720	 1820.000000
  649.582441	 1814.000000
  649.738160	 1809.000000
  649.893875	 1804.000000
  650.049588	 1799.000000
  650.205297	 1795.000000
  650.361004	 1790.000000
  650.516707	 1785.000000
  650.672407	 1784.000000
  650.828105	 1778.000000
  650.983799	 1775.000000
  651.139490	 1770.000000
  651.295178	 1766.000000
  651.450864	 1763.000000
  651.606546	 1760.000000
  651.762225	 1757.000000
  651.917901	 1752.000000
  652.073574	 1749.000000
  652.229244	 1744.000000
  652.384911	 1741.000000
  652.540575	 1739.000000
  652.696236	 1735.000000
  652.851894	 1730.000000
  653.007549	 1727.000000
  653.163201	 1725.000000
  653.318849	 1721.000000
  653.474495	 1719.000000
  653.630138	 1720.000000
  653.785777	 1713.000000
  653.941414	 1710.000000
  654.097047	 1710.000000
  654.252678	 1708.000000
  654.408305	 1705.000000
  654.563929	 1703.000000
  654.719551	 1701.000000
  654.875169	 1702.000000
  655.030784	 1700.000000
  655.186396	 1699.000000
  655.342005	 1698.000000
  655.497611	 1696.000000
  655.653214	 1695.000000
  655.808814	 1694.000000
  655.964411	 1693.000000
  656.120005	 1690.000000
  656.275595	 1688.000000
  656.431183	 1686.000000
  656.586768	 1684.000000
  656.742349	 1683.000000
  656.897927	 1681.000000
  657.053503	 1680.000000
  657.209075	 1678.000000
  657.364644	 1677.000000
  657.520210	 1675.000000
  657.675773	 1672.000000
  657.831333	 1669.000000
  657.986890	 1668.000000
  658.142444	 1667.000000
  658.297995	 1670.000000
  658.453542	 1663.000000
  658.609087	 1661.000000
  658.764628	 1660.000000
  658.920167	 1658.000000
  659.075702	 1658.000000
  659.231234	 1655.000000
  659.386763	 1653.000000
  659.542289	 1655.000000
  659.697812	 1649.000000
  659.853332	 1647.000000
  660.008849	 1645.000000
  660.164362	 1642.000000
  660.319873	 1639.000000
  660.475380	 1636.000000
  660.630884	 1633.000000
  660.786386	 1629.000000
  660.941884	 1626.000000
  661.097379	 1621.000000
  661.252871	 1618.000000
  661.408360	 1614.000000
  661.563845	 1609.000000
  661.719328	 1606.000000
  661.874807	 1601.000000
  662.030284	 1597.000000
  662.185757	 1593.000000
  662.341227	 1589.000000
  662.496694	 1584.000000
  662.652158	 1581.000000
  662.807619	 1576.000000
  662.963077	 1573.000000
  663.118531	 1573.000000
  663.273983	 1564.000000
  663.429431	 1559.000000
  663.584876	 1553.000000
  663.740318	 1548.000000
  663.895757	 1543.000000
  664.051193	 1537.000000
  664.206626	 1532.000000
  664.362056	 1526.000000
  664.517482	 1521.000000
  664.672905	 1515.000000
  664.828326	 1511.000000
  664.983743	 1504.000000
  665.139157	 1499.000000
  665.294568	 1493.000000
  665.449975	 1488.000000
  665.605380	 1484.000000
  665.760781	 1478.000000
  665.916179	 1473.000000
  666.071575	 1467.000000
  666.226967	 1461.000000
  666.382355	 1457.000000
  666.537741	 1451.000000
  666.693124	 1446.000000
  666.848503	 1442.000000
  667.003879	 1437.000000
  667.159252	 1431.000000
  667.314622	 1428.000000
  667.469989	 1423.000000
  667.625353	 1420.000000
  667.780713	 1415.000000
  667.936071	 1411.000000
  668.091425	 1408.000000
  668.246776	 1403.000000
  668.402124	 1399.000000
  668.557469	 1395.000000
  668.712810	 1389.000000
  668.868149	 1386.000000
  669.023484	 1383.000000
  669.178816	 1378.000000
  669.334145	 1375.000000
  669.489471	 1371.000000
  669.644793	 1368.000000
  669.800113	 1364.000000
  669.955429	 1361.000000
  670.110742	 1358.000000
  670.266052	 1354.000000
  670.421359	 1351.000000
  670.576662	 1349.000000
  670.731963	 1346.000000
  670.887260	 1344.000000
  671.042554	 1342.000000
  671.197845	 1338.000000
  671.353132	 1335.000000
  671.508417	 1332.000000
  671.663698	 1333.000000
  671.818976	 1327.000000
  671.974251	 1324.000000
  672.129523	 1321.000000
  672.284792	 1318.000000
  672.440057	 1316.000000
  672.595319	 1314.000000
  672.750578	 1311.000000
  672.905834	 1310.000000
  673.061087	 1307.000000
  673.216336	 1306.000000
  673.371582	 1304.000000
  673.526825	 1302.000000
  673.682065	 1301.000000
  673.837302	 1298.000000
  673.992535	 1295.000000
  674.147766	 1293.000000
  674.302993	 1290.000000
  674.458217	 1287.000000
  674.613437	 1285.000000
  674.768655	 1282.000000
  674.923869	 1279.000000
  675.079080	 1275.000000
  675.234288	 1273.000000
  675.389492	 1270.000000
  675.544694	 1267.000000
  675.699892	 1263.000000
  675.855087	 1261.000000
  676.010279	 1258.000000
  676.165467	 1255.000000
  676.320653	 1251.000000
  676.475835	 1248.000000
  676.631014	 1245.000000
  676.786189	 1241.000000
  676.941362	 1237.000000
  677.096531	 1233.000000
  677.251697	 1229.000000
  677.406860	 1225.000000
  677.562019	 1221.000000
  677.717176	 1216.000000
  677.872329	 1212.000000
  678.027479	 1208.000000
  678.182625	 1204.000000
  678.337769	 1199.000000
  678.492909	 1195.000000
  678.648046	 1190.000000
  678.803180	 1186.000000
  678.958310	 1180.000000
  679.113438	 1175.000000
  679.268562	 1171.000000
  679.423682	 1165.000000
  679.578800	 1160.000000
  679.733914	 1155.000000
  679.889025	 1150.000000
  680.044133	 1145.000000
  680.199238	 1140.000000
  680.354339	 1134.000000
  680.509437	 1130.000000
  680.664532	 1124.000000
  680.819623	 1118.000000
  680.974712	 1113.000000
  681.129797	 1109.000000
  681.284879	 1103.000000
  681.439957	 1098.000000
  681.595032	 1093.000000
  681.750104	 1087.000000
  681.905173	 1082.000000
  682.060239	 1078.000000
  682.215301	 1072.000000
  682.370360	 1067.000000
  682.525416	 1062.000000
  682.680468	 1056.000000
  682.835517	 1052.000000
  682.990563	 1047.000000
  683.145606	 1043.000000
  683.300646	 1038.000000
  683.455682	 1033.000000
  683.610715	 1029.000000
  683.765744	 1025.000000
  683.920771	 1020.000000
  684.075794	 1016.000000
  684.230813	 1011.000000
  684.385830	 1006.000000
  684.540843	 1003.000000
  684.695853	  998.000000
  684.850860	  994.000000
  685.005863	  989.000000
  685.160863	  985.000000
  685.315860	  980.000000
  685.470854	  977.000000
  685.625844	  973.000000
  685.780831	  969.000000
  685.935815	  965.000000
  686.090795	  962.000000
  686.245772	  957.000000
  686.400746	  953.000000
  686.555716	  950.000000
  686.710684	  946.000000
  686.865648	  944.000000
  687.020608	  940.000000
  687.175566	  936.000000
  687.330520	  934.000000
  687.485470	  930.000000
  687.640418	  926.000000
  687.795362	  924.000000
  687.950303	  921.000000
  688.105240	  919.000000
  688.260175	  916.000000
  688.415106	  912.000000
  688.570033	  909.000000
  688.724958	  908.000000
  688.879879	  903.000000
  689.034796	  899.000000
  689.189711	  896.000000
  689.344622	  893.000000
  689.499530	  889.000000
  689.654434	  887.000000
  689.809335	  884.000000
  689.964233	  881.000000
  690.119127	  877.000000
  690.274019	  874.000000
  690.428906	  872.000000
  690.583791	  870.000000
  690.738672	  867.000000
  690.893550	  864.000000
  691.048425	  861.000000
  691.203296	  858.000000
  691.358164	  856.000000
  691.513028	  853.000000
  691.667890	  851.000000
  691.822748	  848.000000
  691.977602	  846.000000
  692.132453	  843.000000
  692.287301	  839.000000
  692.442146	  837.000000
  692.596987	  834.000000
  692.751825	  832.000000
  692.906660	  829.000000
  693.061491	  827.000000
  693.216319	  825.000000
  693.371143	  822.000000
  693.525965	  819.000000
  693.680782	  815.000000
  693.835597	  813.000000
  693.990408	  809.000000
  694.145216	  807.000000
  694.300020	  803.000000
  694.454821	  800.000000
  694.609619	  797.000000
  694.764414	  795.000000
  694.919205	  791.000000
  695.073992	  790.000000
  695.228777	  785.000000
  695.383558	  781.000000
  695.538335	  779.000000
  695.693110	  776.000000
  695.847881	  772.000000
  696.002648	  769.000000
  696.157412	  765.000000
  696.312173	  764.000000
  696.466931	  759.000000
  696.621685	  756.000000
  696.776435	  753.000000
  696.931183	  749.000000
  697.085927	  746.000000
  697.240667	  741.000000
  697.395405	  738.000000
  697.550138	  734.000000
  697.704869	  730.000000
  697.859596	  726.000000
  698.014320	  723.000000
  698.169040	  719.000000
  698.323757	  715.000000
  698.478471	  711.000000
  698.633181	  708.000000
  698.787888	  705.000000
  698.942591	  702.000000
  699.097291	  698.000000
  699.251988	  695.000000
  699.406681	  691.000000
  699.561371	  687.000000
  699.716058	  684.000000
  699.870741	  682.000000
  700.025421	  678.000000
  700.180097	  674.000000
  700.334770	  671.000000
  700.489439	  668.000000
  700.644106	  665.000000
  700.798768	  660.000000
  700.953428	  657.000000
  701.108084	  653.000000
  701.262736	  652.000000
  701.417385	  647.000000
  701.572031	  644.000000
  701.726674	  643.000000
  701.881313	  638.000000
  702.035948	  634.000000
  702.190580	  631.000000
  702.345209	  628.000000
  702.499834	  625.000000
  702.654456	  625.000000
  702.809075	  619.000000
  702.963690	  616.000000
  703.118301	  614.000000
  703.272910	  611.000000
  703.427514	  608.000000
  703.582116	  604.000000
  703.736714	  602.000000
  703.891308	  599.000000
  704.045900	  595.000000
  704.200487	  593.000000
  704.355072	  590.000000
  704.509653	  588.000000
  704.664230	  585.000000
  704.818804	  584.000000
  704.973375	  581.000000
  705.127942	  578.000000
  705.282506	  575.000000
  705.437066	  573.000000
  705.591623	  571.000000
  705.746176	  569.000000
  705.900726	  566.000000
  706.055273	  564.000000
  706.209816	  562.000000
  706.364356	  559.000000
  706.518892	  558.000000
  706.673425	  555.000000
  706.827954	  554.000000
  706.982480	  551.000000
  707.137003	  549.000000
  707.291522	  548.000000
  707.446037	  545.000000
  707.600549	  543.000000
  707.755058	  542.000000
  707.909563	  539.000000
  708.064065	  538.000000
  708.218564	  535.000000
  708.373058	  533.000000
  708.527550	  531.000000
  708.682038	  529.000000
  708.836522	  527.000000
  708.991004	  525.000000
  709.145481	  525.000000
  709.299955	  522.000000
  709.454426	  519.000000
  709.608893	  518.000000
  709.763357	  515.000000
  709.917817	  516.000000
  710.072274	  513.000000
  710.226728	  510.000000
  710.381177	  509.000000
  710.535624	  507.000000
  710.690067	  505.000000
  710.844506	  504.000000
  710.998942	  501.000000
  711.153375	  500.000000
  711.307804	  498.000000
  711.462230	  496.000000
  711.616652	  494.000000
  711.771070	  492.000000
  711.925486	  490.000000
  712.079897	  488.000000
  712.234306	  485.000000
  712.388710	  484.000000
  712.543111	  482.000000
  712.697509	  481.000000
  712.851904	  477.000000
  713.006294	  476.000000
  713.160682	  474.000000
  713.315065	  472.000000
  713.469446	  469.000000
  713.623823	  467.000000
  713.778196	  467.000000
  713.932566	  464.000000
  714.086932	  461.000000
  714.241295	  459.000000
  714.395654	  457.000000
  714.550010	  453.000000
  714.704362	  452.000000
  714.858711	  450.000000
  715.013057	  448.000000
  715.167399	  446.000000
  715.321737	  444.000000
  715.476072	  441.000000
  715.630403	  439.000000
  715.784731	  437.000000
  715.939055	  434.000000
  716.093376	  433.000000
  716.247693	  430.000000
  716.402007	  427.000000
  716.556317	  425.000000
  716.710624	  423.000000
  716.864927	  420.000000
  717.019227	  418.000000
  717.173523	  416.000000
  717.327816	  413.000000
  717.482105	  411.000000
  717.636391	  408.000000
  717.790673	  406.000000
  717.944951	  404.000000
  718.099227	  401.000000
  718.253498	  400.000000
  718.407766	  398.000000
  718.562031	  395.000000
  718.716292	  393.000000
  718.870549	  391.000000
  719.024803	  389.000000
  719.179053	  388.000000
  719.333300	  385.000000
  719.487543	  384.000000
  719.641783	  381.000000
  719.796019	  380.000000
  719.950252	  378.000000
  720.104481	  377.000000
  720.258707	  374.000000
  720.412929	  372.000000
  720.567148	  370.000000
  720.721363	  368.000000
  720.875574	  366.000000
  721.029782	  363.000000
  721.183986	  363.000000
  721.338187	  361.000000
  721.492384	  358.000000
  721.646578	  356.000000
  721.800768	  354.000000
  721.954955	  353.000000
  722.109138	  351.000000
  722.263317	  350.000000
  722.417493	  347.000000
  722.571666	  347.000000
  722.725834	  345.000000
  722.880000	  343.000000
  723.034161	  342.000000
  723.188320	  341.000000
  723.342474	  338.000000
  723.496625	  337.000000
  723.650773	  336.000000
  723.804916	  334.000000
  723.959057	  334.000000
  724.113193	  332.000000
  724.267327	  331.000000
  724.421456	  329.000000
  724.575582	  328.000000
  724.729705	  326.000000
  724.883824	  325.000000
  725.037939	  324.000000
  725.192051	  323.000000
  725.346159	  321.000000
  725.500263	  320.000000
  725.654364	  319.000000
  725.808462	  319.000000
  725.962556	  317.000000
  726.116646	  317.000000
  726.270733	  314.000000
  726.424816	  314.000000
  726.578895	  313.000000
  726.732971	  312.000000
  726.887043	  311.000000
  727.041112	  310.000000
  727.195177	  308.000000
  727.349239	  308.000000
  727.503297	  306.000000
  727.657351	  306.000000
  727.811402	  305.000000
  727.965449	  304.000000
  728.119493	  304.000000
  728.273533	  301.000000
  728.427569	  301.000000
  728.581602	  300.000000
  728.735631	  298.000000
  728.889656	  298.000000
  729.043678	  297.000000
  729.197697	  296.000000
  729.351711	  294.000000
  729.505723	  293.000000
  729.659730	  293.000000
  729.813734	  290.000000
  729.967734	  290.000000
  730.121731	  289.000000
  730.275724	  288.000000
  730.429714	  287.000000
  730.583699	  286.000000
  730.737682	  285.000000
  730.891660	  283.000000
  731.045635	  282.000000
  731.199607	  281.000000
  731.353574	  280.000000
  731.507539	  279.000000
  731.661499	  278.000000
  731.815456	  276.000000
  731.969409	  275.000000
  732.123359	  274.000000
  732.277305	  273.000000
  732.431247	  271.000000
  732.585186	  271.000000
  732.739121	  270.000000
  732.893053	  269.000000
  733.046980	  268.000000
  733.200905	  266.000000
  733.354825	  265.000000
  733.508742	  264.000000
  733.662655	  263.000000
  733.816565	  261.000000
  733.970471	  260.000000
  734.124374	  258.000000
  734.278272	  258.000000
  734.432167	  256.000000
  734.586059	  254.000000
  734.739947	  253.000000
  734.893831	  252.000000
  735.047711	  250.000000
  735.201588	  250.000000
  735.355461	  248.000000
  735.509331	  247.000000
  735.663197	  246.000000
  735.817059	  244.000000
  735.970918	  243.000000
  736.124773	  243.000000
  736.278624	  241.000000
  736.432472	  239.000000
  736.586315	  238.000000
  736.740156	  236.000000
  736.893992	  235.000000
  737.047825	  234.000000
  737.201655	  232.000000
  737.355480	  231.000000
  737.509302	  230.000000
  737.663121	  228.000000
  737.816935	  228.000000
  737.970746	  226.000000
  738.124554	  224.000000
  738.278357	  223.000000
  738.432157	  222.000000
  738.585953	  221.000000
  738.739746	  220.000000
  738.893535	  219.000000
  739.047320	  217.000000
  739.201102	  216.000000
  739.354880	  216.000000
  739.508654	  214.000000
  739.662425	  212.000000
  739.816191	  211.000000
  739.969955	  210.000000
  740.123714	  209.000000
  740.277470	  208.000000
  740.431222	  207.000000
  740.584970	  206.000000
  740.738715	  205.000000
  740.892456	  203.000000
  741.046194	  202.000000
  741.199927	  201.000000
  741.353657	  200.000000
  741.507383	  199.000000
  741.661106	  198.000000
  741.814825	  197.000000
  741.968540	  196.000000
  742.122252	  194.000000
  742.275959	  193.000000
  742.429663	  193.000000
  742.583364	  192.000000
  742.737060	  191.000000
  742.890753	  190.000000
  743.044443	  189.000000
  743.198128	  188.000000
  743.351810	  187.000000
  743.505488	  186.000000
  743.659163	  185.000000
  743.812833	  184.000000
  743.966500	  183.000000
  744.120164	  182.000000
  744.273823	  181.000000
  744.427479	  181.000000
  744.581131	  180.000000
  744.734780	  180.000000
  744.888424	  178.000000
  745.042065	  178.000000
  745.195702	  176.000000
  745.349336	  176.000000
  745.502966	  175.000000
  745.656592	  174.000000
  745.810214	  174.000000
  745.963833	  173.000000
  746.117448	  172.000000
  746.271059	  171.000000
  746.424666	  171.000000
  746.578270	  169.000000
  746.731870	  169.000000
  746.885466	  168.000000
  747.039059	  167.000000
  747.192648	  167.000000
  747.346233	  166.000000
  747.499814	  166.000000
  747.653391	  165.000000
  747.806965	  164.000000
  747.960535	  164.000000
  748.114102	  163.000000
  748.267664	  164.000000
  748.421223	  162.000000
  748.574778	  161.000000
  748.728329	  161.000000
  748.881877	  161.000000
  749.035421	  160.000000
  749.188961	  159.000000
  749.342497	  159.000000
  749.496030	  158.000000
  749.649559	  158.000000
  749.803084	  157.000000
  749.956605	  157.000000
  750.110123	  156.000000
  750.263636	  156.000000
  750.417146	  155.000000
  750.570653	  155.000000
  750.724155	  154.000000
  750.877654	  153.000000
  751.031149	  153.000000
  751.184640	  153.000000
  751.338128	  152.000000
  751.491611	  151.000000
  751.645091	  151.000000
  751.798567	  151.000000
  751.952040	  149.000000
  752.105508	  149.000000
  752.258973	  149.000000
  752.412434	  148.000000
  752.565892	  148.000000
  752.719345	  147.000000
  752.872795	  146.000000
  753.026241	  146.000000
  753.179683	  145.000000
  753.333121	  145.000000
  753.486556	  145.000000
  753.639987	  143.000000
  753.793414	  143.000000
  753.946837	  143.000000
  754.100257	  141.000000
  754.253672	  141.000000
  754.407084	  140.000000
  754.560492	  140.000000
  754.713897	  139.000000
  754.867297	  139.000000
  755.020694	  137.000000
  755.174087	  137.000000
  755.327476	  137.000000
  755.480861	  136.000000
  755.634243	  135.000000
  755.787621	  134.000000
  755.940995	  134.000000
  756.094365	  133.000000
  756.247731	  132.000000
  756.401094	  132.000000
  756.554452	  130.000000
  756.707807	  130.000000
  756.861158	  129.000000
  757.014506	  128.000000
  757.167849	  128.000000
  757.321189	  128.000000
  757.474525	  126.000000
  757.627857	  125.000000
  757.781185	  125.000000
  757.934510	  125.000000
  758.087830	  123.000000
  758.241147	  123.000000
  758.394460	  122.000000
  758.547769	  122.000000
  758.701075	  121.000000
  758.854376	  120.000000
  759.007674	  120.000000
  759.160968	  119.000000
  759.314258	  118.000000
  759.467544	  117.000000
  759.620826	  117.000000
  759.774105	  117.000000
  759.927380	  116.000000
  760.080651	  116.000000
  760.233918	  115.000000
  760.387181	  114.000000
  760.540441	  113.000000
  760.693696	  113.000000
  760.846948	  111.000000
  761.000196	  112.000000
  761.153440	  110.000000
  761.306680	  110.000000
  761.459917	  109.000000
  761.613149	  109.000000
  761.766378	  108.000000
  761.919603	  108.000000
  762.072824	  107.000000
  762.226041	  106.000000
  762.379254	  106.000000
  762.532464	  105.000000
  762.685670	  105.000000
  762.838871	  104.000000
  762.992069	  104.000000
  763.145264	  103.000000
  763.298454	  103.000000
  763.451640	  102.000000
  763.604823	  102.000000
  763.758001	  101.000000
  763.911176	  101.000000
  764.064347	  101.000000
  764.217514	  100.000000
  764.370678	   99.000000
  764.523837	   99.000000
  764.676993	   99.000000
  764.830144	   97.000000
  764.983292	   97.000000
  765.136436	   97.000000
  765.289576	   97.000000
  765.442712	   96.000000
  765.595845	   96.000000
  765.748973	   96.000000
  765.902098	   95.000000
  766.055218	   95.000000
  766.208335	   94.000000
  766.361448	   94.000000
  766.514557	   93.000000
  766.667662	   94.000000
  766.820764	   94.000000
  766.973861	   93.000000
  767.126955	   92.000000
  767.280045	   92.000000
  767.433130	   92.000000
  767.586212	   91.000000
  767.739290	   91.000000
  767.892364	   91.000000
  768.045435	   90.000000
  768.198501	   90.000000
  768.351564	   90.000000
  768.504622	   90.000000
  768.657677	   89.000000
  768.810728	   89.000000
  768.963775	   89.000000
  769.116818	   88.000000
  769.269857	   87.000000
  769.422892	   88.000000
  769.575923	   88.000000
  769.728951	   86.000000
  769.881974	   87.000000
  770.034994	   86.000000
  770.188010	   87.000000
  770.341022	   86.000000
  770.494030	   86.000000
  770.647034	   86.000000
  770.800034	   85.000000
  770.953030	   86.000000
  771.106022	   85.000000
  771.259011	   85.000000
  771.411995	   84.000000
  771.564976	   84.000000
  771.717952	   83.000000
  771.870925	   83.000000
  772.023894	   83.000000
  772.176859	   83.000000
  772.329820	   83.000000
  772.482777	   83.000000
  772.635730	   82.000000
  772.788679	   82.000000
  772.941625	   82.000000
  773.094566	   81.000000
  773.247503	   81.000000
  773.400437	   81.000000
  773.553367	   81.000000
  773.706292	   80.000000
  773.859214	   80.000000
  774.012132	   80.000000
  774.165046	   80.000000
  774.317956	   80.000000
  774.470862	   79.000000
  774.623764	   79.000000
  774.776662	   79.000000
  774.929556	   79.000000
  775.082446	   78.000000
  775.235333	   78.000000
  775.388215	   78.000000
  775.541094	   78.000000
  775.693968	   77.000000
  775.846839	   77.000000
  775.999705	   76.000000
  776.152568	   76.000000
  776.305427	   76.000000
  776.458282	   76.000000
  776.611132	   75.000000
  776.763979	   74.000000
  776.916822	   74.000000
  777.069661	   74.000000
  777.222496	   74.000000
  777.375327	   73.000000
  777.528155	   73.000000
  777.680978	   73.000000
  777.833797	   73.000000
  777.986612	   73.000000
  778.139424	   72.000000
  778.292231	   72.000000
  778.445034	   71.000000
  778.597834	   71.000000
  778.750629	   71.000000
  778.903421	   71.000000
  779.056208	   70.000000
  779.208992	   70.000000
  779.361771	   70.000000
  779.514547	   69.000000
  779.667319	   69.000000
  779.820086	   69.000000
  779.972850	   68.000000
  780.125610	   68.000000
  780.278366	   68.000000
  780.431117	   67.000000
  780.583865	   67.000000
  780.736609	   67.000000
  780.889349	   67.000000
  781.042085	   66.000000
  781.194817	   66.000000
  781.347544	   65.000000
  781.500268	   65.000000
  781.652988	   65.000000
  781.805704	   65.000000
  781.958416	   65.000000
  782.111124	   65.000000
  782.263828	   64.000000
  782.416528	   64.000000
  782.569224	   64.000000
  782.721916	   63.000000
  782.874604	   63.000000
  783.027288	   63.000000
  783.179968	   62.000000
  783.332644	   62.000000
  783.485316	   62.000000
  783.637984	   62.000000
  783.790648	   61.000000
  783.943309	   61.000000
  784.095965	   60.000000
  784.248617	   60.000000
  784.401265	   61.000000
  784.553909	   59.000000
  784.706549	   60.000000
  784.859185	   60.000000
  785.011817	   59.000000
  785.164445	   58.000000
  785.317069	   59.000000
  785.469689	   59.000000
  785.622305	   59.000000
  785.774917	   59.000000
  785.927524	   58.000000
  786.080128	   58.000000
  786.232728	   58.000000
  786.385324	   57.000000
  786.537916	   58.000000
  786.690504	   57.000000
  786.843088	   57.000000
  786.995667	   58.000000
  787.148243	   56.000000
  787.300815	   57.000000
  787.453383	   57.000000
  787.605946	   57.000000
  787.758506	   56.000000
  787.911062	   56.000000
  788.063613	   56.000000
  788.216161	   56.000000
  788.368704	   56.000000
  788.521244	   56.000000
  788.673779	   56.000000
  788.826311	   55.000000
  788.978838	   55.000000
  789.131362	   55.000000
  789.283881	   55.000000
  789.436396	   55.000000
  789.588908	   55.000000
  789.741415	   55.000000
  789.893918	   54.000000
  790.046417	   55.000000
  790.198912	   55.000000
  790.351403	   54.000000
  790.503890	   54.000000
  790.656373	   53.000000
  790.808852	   54.000000
  790.961327	   53.000000
  791.113797	   53.000000
  791.266264	   54.000000
  791.418727	   53.000000
  791.571185	   54.000000
  791.723640	   53.000000
  791.876091	   53.000000
  792.028537	   53.000000
  792.180979	   53.000000
  792.333418	   53.000000
  792.485852	   53.000000
  792.638282	   52.000000
  792.790708	   53.000000
  792.943130	   53.000000
  793.095548	   52.000000
  793.247962	   53.000000
  793.400372	   52.000000
  793.552778	   52.000000
  793.705180	   52.000000
  793.857577	   52.000000
  794.009971	   52.000000
  794.162360	   52.000000
  794.314746	   52.000000
  794.467127	   52.000000
  794.619505	   52.000000
  794.771878	   52.000000
  794.924247	   52.000000
  795.076612	   51.000000
  795.228973	   51.000000
  795.381330	   51.000000
  795.533683	   51.000000
  795.686031	   51.000000
  795.838376	   50.000000
  795.990716	   51.000000
  796.143053	   51.000000
  796.295385	   51.000000
  796.447714	   50.000000
  796.600038	   51.000000
  796.752358	   50.000000
  796.904674	   51.000000
  797.056986	   50.000000
  797.209294	   50.000000
  797.361597	   50.000000
  797.513897	   49.000000
  797.666192	   23.000000
  797.818484	   30.000000
