  486.461401	    0.000000
  486.619601	    0.000000
  486.777800	    0.000000
  486.935997	    0.000000
  487.094192	    0.000000
  487.252385	    0.000000
  487.410576	    0.000000
  487.568766	    0.000000
  487.726954	    0.000000
  487.885140	    0.000000
  488.043324	    0.000000
  488.201506	    0.000000
  488.359687	    0.000000
  488.517865	    0.000000
  488.676042	    0.000000
  488.834217	    0.000000
  488.992391	    0.000000
  489.150562	    0.000000
  489.308732	    0.000000
  489.466899	    0.000000
  489.625065	    0.000000
  489.783229	    0.000000
  489.941392	    0.000000
  490.099552	    0.000000
  490.257711	    0.000000
  490.415867	    0.000000
  490.574022	    0.000000
  490.732176	    0.000000
  490.890327	    0.000000
  491.048476	    0.000000
  491.206624	    0.000000
  491.364770	    0.000000
  491.522913	    0.000000
  491.681055	    0.000000
  491.839196	    0.000000
  491.997334	    0.000000
  492.155471	    0.000000
  492.313605	    0.000000
  492.471738	    0.000000
  492.629869	    0.000000
  492.787998	    0.000000
  492.946125	    0.000000
  493.104251	    0.000000
  493.262374	    0.000000
  493.420496	    0.000000
  493.578616	    0.000000
  493.736734	    0.000000
  493.894850	    0.000000
  494.052964	    0.000000
  494.211077	    0.000000
  494.369187	    0.000000
  494.527296	    0.000000
  494.685403	    0.000000
  494.843508	    0.000000
  495.001611	    0.000000
  495.159712	    0.000000
  495.317811	    0.000000
  495.475909	    0.000000
  495.634004	    0.000000
  495.792098	    0.000000
  495.950190	    0.000000
  496.108280	    0.000000
  496.266368	    0.000000
  496.424454	    0.000000
  496.582538	    0.000000
  496.740621	    0.000000
  496.898701	    0.000000
  497.056780	    0.000000
  497.214857	    0.000000
  497.372931	    0.000000
  497.531004	    0.000000
  497.689076	    0.000000
  497.847145	    0.000000
  498.005212	    0.000000
  498.163277	    0.000000
  498.321341	    0.000000
  498.479403	    0.000000
  498.637462	    0.000000
  498.795520	    0.000000
  498.953576	    0.000000
  499.111630	    0.000000
  499.269682	    0.000000
  499.427733	    0.000000
  499.585781	    0.000000
  499.743827	    0.000000
  499.901872	    0.000000
  500.059914	    0.000000
  500.217955	    0.000000
  500.375994	    0.000000
  500.534031	    0.000000
  500.692066	    0.000000
  500.850099	    0.000000
  501.008130	    0.000000
  501.166159	    0.000000
  501.324186	    0.000000
  501.482212	    0.000000
  501.640235	    0.000000
  501.798257	    0.000000
  501.956276	    0.000000
  502.114294	    0.000000
  502.272310	    0.000000
  502.430324	    0.000000
  502.588336	    0.000000
  502.746346	    0.000000
  502.904354	    0.000000
  503.062360	    0.000000
  503.220364	    0.000000
  503.378366	    0.000000
  503.536367	    0.000000
  503.694365	    0.000000
  503.852362	    0.000000
  504.010356	    0.000000
  504.168349	    0.000000
  504.326339	    0.000000
  504.484328	    0.000000
  504.642315	    0.000000
  504.800300	    0.000000
  504.958282	    0.000000
  505.116263	    0.000000
  505.274242	    0.000000
  505.432219	    0.000000
  505.590194	    0.000000
  505.748167	    0.000000
  505.906139	    0.000000
  506.064108	    0.000000
  506.222075	    0.000000
  506.380040	    0.000000
  506.538004	    0.000000
  506.695965	    0.000000
  506.853925	    0.000000
  507.011882	    0.000000
  507.169838	    0.000000
  507.327791	    0.000000
  507.485743	    0.000000
  507.643692	    0.000000
  507.801640	    0.000000
  507.959586	    0.000000
  508.117529	    0.000000
  508.275471	    0.000000
  508.433411	    0.000000
  508.591349	    0.000000
  508.749284	    0.000000
  508.907218	    0.000000
  509.065150	    0.000000
  509.223080	    0.000000
  509.381008	    0.000000
  509.538934	    0.000000
  509.696858	    0.000000
  509.854780	    0.000000
  510.012700	    0.000000
  510.170618	    0.000000
  510.328534	    0.000000
  510.486448	    0.000000
  510.644360	    0.000000
  510.802270	    0.000000
  510.960178	    0.000000
  511.118084	    0.000000
  511.275988	    0.000000
  511.433890	    0.000000
  511.591790	    0.000000
  511.749688	    0.000000
  511.907584	    0.000000
  512.065478	    0.000000
  512.223370	    0.000000
  512.381260	    0.000000
  512.539148	    0.000000
  512.697035	    0.000000
  512.854919	    0.000000
  513.012801	    0.000000
  513.170681	    0.000000
  513.328559	    0.000000
  513.486435	    0.000000
  513.644309	    0.000000
  513.802181	    0.000000
  513.960051	    0.000000
  514.117919	    0.000000
  514.275785	    0.000000
  514.433649	    0.000000
  514.591510	    0.000000
  514.749370	    0.000000
  514.907228	    0.000000
  515.065084	    0.000000
  515.222938	    0.000000
  515.380790	    0.000000
  515.538639	    0.000000
  515.696487	    0.000000
  515.854333	    0.000000
  516.012177	    0.000000
  516.170018	    0.000000
  516.327858	    0.000000
  516.485695	    0.000000
  516.643531	    0.000000
  516.801365	    0.000000
  516.959196	    0.000000
  517.117025	    0.000000
  517.274853	    0.000000
  517.432678	    0.000000
  517.590502	    0.000000
  517.748323	    0.000000
  517.906142	    0.000000
  518.063959	    0.000000
  518.221774	    0.000000
  518.379587	    0.000000
  518.537399	    0.000000
  518.695208	    0.000000
  518.853014	    0.000000
  519.010819	    0.000000
  519.168622	    0.000000
  519.326423	    0.000000
  519.484222	    0.000000
  519.642018	    0.000000
  519.799813	    0.000000
  519.957606	    0.000000
  520.115396	    0.000000
  520.273184	    0.000000
  520.430971	    0.000000
  520.588755	    0.000000
  520.746537	    0.000000
  520.904317	    0.000000
  521.062096	    0.000000
  521.219872	    0.000000
  521.377646	    0.000000
  521.535417	    0.000000
  521.693187	    0.000000
  521.850955	    0.000000
  522.008721	    0.000000
  522.166484	    0.000000
  522.324246	    0.000000
  522.482005	    0.000000
  522.639762	    0.000000
  522.797518	    0.000000
  522.955271	    0.000000
  523.113022	    0.000000
  523.270771	    0.000000
  523.428518	    0.000000
  523.586263	    0.000000
  523.744005	    0.000000
  523.901746	    0.000000
  524.059485	    0.000000
  524.217221	    0.000000
  524.374956	    0.000000
  524.532688	    0.000000
  524.690418	    0.000000
  524.848146	    0.000000
  525.005872	    0.000000
  525.163596	    0.000000
  525.321318	    0.000000
  525.479037	    0.000000
  525.636755	    0.000000
  525.794470	    0.000000
  525.952184	    0.000000
  526.109895	    0.000000
  526.267604	    0.000000
  526.425311	    0.000000
  526.583016	    0.000000
  526.740719	    0.000000
  526.898420	    0.000000
  527.056118	    0.000000
  527.213815	    0.000000
  527.371509	    0.000000
  527.529201	    0.000000
  527.686892	    0.000000
  527.844580	    0.000000
  528.002265	    0.000000
  528.159949	    0.000000
  528.317631	    0.000000
  528.475310	    0.000000
  528.632988	    0.000000
  528.790663	    0.000000
  528.948336	    0.000000
  529.106007	    0.000000
  529.263676	    0.000000
  529.421343	    0.000000
  529.579007	    0.000000
  529.736670	    0.000000
  529.894330	    0.000000
  530.051988	    0.000000
  530.209644	    0.000000
  530.367298	    0.000000
  530.524950	    0.000000
  530.682600	    0.000000
  530.840247	    0.000000
  530.997893	    0.000000
  531.155536	    0.000000
  531.313177	    0.000000
  531.470816	    0.000000
  531.628452	    0.000000
  531.786087	    0.000000
  531.943719	    0.000000
  532.101350	    0.000000
  532.258978	    0.000000
  532.416604	    0.000000
  532.574228	    0.000000
  532.731849	    0.000000
  532.889469	    0.000000
  533.047086	    0.000000
  533.204701	    0.000000
  533.362315	    0.000000
  533.519925	    0.000000
  533.677534	    0.000000
  533.835141	    0.000000
  533.992745	    0.000000
  534.150347	    0.000000
  534.307947	    0.000000
  534.465545	    0.000000
  534.623141	    0.000000
  534.780734	    0.000000
  534.938326	    0.000000
  535.095915	    0.000000
  535.253502	    0.000000
  535.411087	    0.000000
  535.568669	    0.000000
  535.726250	    0.000000
  535.883828	    0.000000
  536.041404	    0.000000
  536.198978	    0.000000
  536.356550	    0.000000
  536.514119	    0.000000
  536.671687	    0.000000
  536.829252	    0.000000
  536.986815	    0.000000
  537.144375	    0.000000
  537.301934	    0.000000
  537.459490	    0.000000
  537.617045	    0.000000
  537.774597	    0.000000
  537.932146	    0.000000
  538.089694	    0.000000
  538.247239	    0.000000
  538.404783	    0.000000
  538.562324	    0.000000
  538.719862	    0.000000
  538.877399	    0.000000
  539.034933	    0.000000
  539.192465	    0.000000
  539.349995	    0.000000
  539.507523	    0.000000
  539.665049	    0.000000
  539.822572	    0.000000
  539.980093	    0.000000
  540.137612	    0.000000
  540.295129	    0.000000
  540.452643	    0.000000
  540.610156	    0.000000
  540.767666	    0.000000
  540.925173	    0.000000
  541.082679	    0.000000
  541.240182	    0.000000
  541.397684	    0.000000
  541.555182	    0.000000
  541.712679	    0.000000
  541.870174	    0.000000
  542.027666	    0.000000
  542.185156	    0.000000
  542.342644	    0.000000
  542.500129	    0.000000
  542.657613	    0.000000
  542.815094	    0.000000
  542.972572	    0.000000
  543.130049	    0.000000
  543.287523	    0.000000
  543.444996	    0.000000
  543.602465	    0.000000
  543.759933	    0.000000
  543.917398	    0.000000
  544.074862	    0.000000
  544.232323	    0.000000
  544.389781	    0.000000
  544.547238	    0.000000
  544.704692	    0.000000
  544.862144	    0.000000
  545.019593	    0.000000
  545.177041	    0.000000
  545.334486	    0.000000
  545.491929	    0.000000
  545.649370	    0.000000
  545.806808	    0.000000
  545.964244	    0.000000
  546.121678	    0.000000
  546.279110	    0.000000
  546.436539	    0.000000
  546.593966	    0.000000
  546.751391	    0.000000
  546.908813	    0.000000
  547.066234	    0.000000
  547.223652	    0.000000
  547.381067	    0.000000
  547.538481	    0.000000
  547.695892	    0.000000
  547.853301	    0.000000
  548.010708	    0.000000
  548.168112	    0.000000
  548.325514	    0.000000
  548.482914	    0.000000
  548.640312	    0.000000
  548.797707	    0.000000
  548.955100	    0.000000
  549.112491	    0.000000
  549.269879	    0.000000
  549.427265	    0.000000
  549.584649	    0.000000
  549.742031	    0.000000
  549.899410	    0.000000
  550.056787	    0.000000
  550.214162	    0.000000
  550.371534	    0.000000
  550.528904	    0.000000
  550.686272	    0.000000
  550.843637	    0.000000
  551.001001	    0.000000
  551.158362	    0.000000
  551.315720	    0.000000
  551.473077	    0.000000
  551.630431	    0.000000
  551.787782	    0.000000
  551.945132	    0.000000
  552.102479	    0.000000
  552.259824	    0.000000
  552.417166	    0.000000
  552.574506	    0.000000
  552.731844	    0.000000
  552.889180	    0.000000
  553.046513	    0.000000
  553.203844	    0.000000
  553.361173	    0.000000
  553.518499	    0.000000
  553.675823	    0.000000
  553.833145	    0.000000
  553.990464	    0.000000
  554.147781	    0.000000
  554.305096	    0.000000
  554.462408	    0.000000
  554.619718	    0.000000
  554.777026	    0.000000
  554.934331	    0.000000
  555.091634	    0.000000
  555.248935	    0.000000
  555.406234	    0.000000
  555.563530	    0.000000
  555.720823	    0.000000
  555.878115	    0.000000
  556.035404	    0.000000
  556.192691	    0.000000
  556.349975	    0.000000
  556.507257	    0.000000
  556.664537	    0.000000
  556.821814	    0.000000
  556.979089	    0.000000
  557.136362	    0.000000
  557.293632	    0.000000
  557.450900	    0.000000
  557.608166	    0.000000
  557.765429	    0.000000
  557.922690	    0.000000
  558.079949	    0.000000
  558.237205	    0.000000
  558.394459	    0.000000
  558.551711	    0.000000
  558.708960	    0.000000
  558.866207	    0.000000
  559.023451	    0.000000
  559.180693	    0.000000
  559.337933	    0.000000
  559.495171	    0.000000
  559.652406	    0.000000
  559.809638	    0.000000
  559.966869	    0.000000
  560.124097	    0.000000
  560.281322	    0.000000
  560.438545	    0.000000
  560.595766	    0.000000
  560.752985	    0.000000
  560.910201	    0.000000
  561.067414	    0.000000
  561.224626	    0.000000
  561.381835	    0.000000
  561.539041	    0.000000
  561.696246	    0.000000
  561.853447	    0.000000
  562.010647	    0.000000
  562.167844	    0.000000
  562.325039	    0.000000
  562.482231	    0.000000
  562.639421	    0.000000
  562.796608	    0.000000
  562.953794	    0.000000
  563.110976	    0.000000
  563.268157	    0.000000
  563.425335	    0.000000
  563.582510	    0.000000
  563.739683	    0.000000
  563.896854	    0.000000
  564.054023	    0.000000
  564.211189	    0.000000
  564.368352	    0.000000
  564.525513	    0.000000
  564.682672	    0.000000
  564.839829	    0.000000
  564.996983	    0.000000
  565.154134	    0.000000
  565.311283	    0.000000
  565.468430	    0.000000
  565.625575	    0.000000
  565.782716	    0.000000
  565.939856	    0.000000
  566.096993	    0.000000
  566.254128	    0.000000
  566.411260	    0.000000
  566.568390	    0.000000
  566.725518	    0.000000
  566.882643	    0.000000
  567.039765	    0.000000
  567.196885	    0.000000
  567.354003	    0.000000
  567.511119	    0.000000
  567.668232	    0.000000
  567.825342	    0.000000
  567.982450	    0.000000
  568.139556	    0.000000
  568.296659	    0.000000
  568.453760	    0.000000
  568.610858	    0.000000
  568.767954	    0.000000
  568.925048	    0.000000
  569.082139	    0.000000
  569.239227	    0.000000
  569.396314	    0.000000
  569.553397	    0.000000
  569.710479	    0.000000
  569.867558	    0.000000
  570.024634	    0.000000
  570.181708	    0.000000
  570.338780	    0.000000
  570.495849	    0.000000
  570.652915	    0.000000
  570.809980	    0.000000
  570.967041	    0.000000
  571.124101	    0.000000
  571.281158	    0.000000
  571.438212	    0.000000
  571.595264	    0.000000
  571.752314	    0.000000
  571.909361	    0.000000
  572.066405	    0.000000
  572.223447	    0.000000
  572.380487	    0.000000
  572.537524	    0.000000
  572.694559	    0.000000
  572.851591	    0.000000
  573.008621	    0.000000
  573.165648	    0.000000
  573.322673	    0.000000
  573.479696	    0.000000
  573.636716	    0.000000
  573.793733	    0.000000
  573.950748	    0.000000
  574.107761	    0.000000
  574.264771	    0.000000
  574.421778	    0.000000
  574.578784	    0.000000
  574.735786	    0.000000
  574.892786	    0.000000
  575.049784	    0.000000
  575.206779	    0.000000
  575.363772	    0.000000
  575.520762	    0.000000
  575.677750	    0.000000
  575.834735	    0.000000
  575.991718	    0.000000
  576.148698	    0.000000
  576.305676	    0.000000
  576.462651	    0.000000
  576.619624	    0.000000
  576.776595	    0.000000
  576.933562	    0.000000
  577.090528	    0.000000
  577.247491	    0.000000
  577.404451	    0.000000
  577.561409	    0.000000
  577.718364	    0.000000
  577.875317	    0.000000
  578.032267	    0.000000
  578.189215	    0.000000
  578.346160	    0.000000
  578.503103	    0.000000
  578.660043	    0.000000
  578.816981	    0.000000
  578.973917	    0.000000
  579.130849	    0.000000
  579.287780	    0.000000
  579.444707	    0.000000
  579.601633	    0.000000
  579.758555	    0.000000
  579.915476	    0.000000
  580.072393	    0.000000
  580.229308	    0.000000
  580.386221	    0.000000
  580.543131	    0.000000
  580.700039	    0.000000
  580.856944	    0.000000
  581.013846	    0.000000
  581.170746	    0.000000
  581.327644	    0.000000
  581.484539	    0.000000
  581.641431	    0.000000
  581.798321	    0.000000
  581.955209	    0.000000
  582.112094	    0.000000
  582.268976	    0.000000
  582.425856	    0.000000
  582.582733	    0.000000
  582.739608	    0.000000
  582.896480	    0.000000
  583.053349	    0.000000
  583.210216	    0.000000
  583.367081	    0.000000
  583.523943	    0.000000
  583.680802	    0.000000
  583.837659	    0.000000
  583.994514	    0.000000
  584.151366	    0.000000
  584.308215	    0.000000
  584.465061	    0.000000
  584.621906	    0.000000
  584.778747	    0.000000
  584.935586	    0.000000
  585.092423	    0.000000
  585.249257	    0.000000
  585.406088	    0.000000
  585.562917	    0.000000
  585.719743	    0.000000
  585.876567	    0.000000
  586.033388	    0.000000
  586.190206	    0.000000
  586.347022	    0.000000
  586.503836	    0.000000
  586.660647	    0.000000
  586.817455	    0.000000
  586.974261	    0.000000
  587.131064	    0.000000
  587.287864	    0.000000
  587.444662	    0.000000
  587.601458	    0.000000
  587.758251	    0.000000
  587.915041	    0.000000
  588.071829	    0.000000
  588.228614	    0.000000
  588.385396	    0.000000
  588.542176	    0.000000
  588.698954	    0.000000
  588.855728	    0.000000
  589.012501	    0.000000
  589.169270	    0.000000
  589.326037	    0.000000
  589.482802	    0.000000
  589.639564	    0.000000
  589.796323	    0.000000
  589.953079	    0.000000
  590.109833	    0.000000
  590.266585	    0.000000
  590.423334	    0.000000
  590.580080	    0.000000
  590.736824	    0.000000
  590.893565	    0.000000
  591.050303	    0.000000
  591.207039	    0.000000
  591.363772	    0.000000
  591.520503	    0.000000
  591.677231	    0.000000
  591.833957	    0.000000
  591.990679	    0.000000
  592.147400	    0.000000
  592.304117	    0.000000
  592.460832	    0.000000
  592.617545	    0.000000
  592.774254	    0.000000
  592.930962	    0.000000
  593.087666	    0.000000
  593.244368	    0.000000
  593.401067	    0.000000
  593.557764	    0.000000
  593.714458	    0.000000
  593.871150	    0.000000
  594.027838	    0.000000
  594.184525	    0.000000
  594.341208	    0.000000
  594.497889	    0.000000
  594.654567	    0.000000
  594.811243	    0.000000
  594.967916	    0.000000
  595.124587	    0.000000
  595.281254	    0.000000
  595.437920	    0.000000
  595.594582	    0.000000
  595.751242	    0.000000
  595.907899	    0.000000
  596.064554	    0.000000
  596.221206	    0.000000
  596.377855	    0.000000
  596.534502	    0.000000
  596.691146	    0.000000
  596.847787	    0.000000
  597.004426	    0.000000
  597.161062	    0.000000
  597.317695	    0.000000
  597.474326	    0.000000
  597.630954	    0.000000
  597.787580	    0.000000
  597.944203	    0.000000
  598.100823	    0.000000
  598.257440	    0.000000
  598.414055	    0.000000
  598.570668	    0.000000
  598.727277	    0.000000
  598.883884	    0.000000
  599.040488	    0.000000
  599.197090	    0.000000
  599.353689	    0.000000
  599.510285	    0.000000
  599.666879	    0.000000
  599.823469	    0.000000
  599.980058	    0.000000
  600.136643	    0.000000
  600.293226	    0.000000
  600.449806	    0.000000
  600.606384	    0.000000
  600.762959	    0.000000
  600.919531	    0.000000
  601.076101	    0.000000
  601.232667	    0.000000
  601.389232	    0.000000
  601.545793	    0.000000
  601.702352	    0.000000
  601.858908	    0.000000
  602.015461	    0.000000
  602.172012	    0.000000
  602.328560	    0.000000
  602.485106	    0.000000
  602.641648	    0.000000
  602.798188	    0.000000
  602.954726	    0.000000
  603.111260	    0.000000
  603.267792	    0.000000
  603.424321	    0.000000
  603.580848	    0.000000
  603.737372	    0.000000
  603.893893	    0.000000
  604.050411	    0.000000
  604.206927	    0.000000
  604.363440	    0.000000
  604.519950	    0.000000
  604.676458	    0.000000
  604.832963	    0.000000
  604.989465	    0.000000
  605.145965	    0.000000
  605.302461	    0.000000
  605.458955	    0.000000
  605.615447	    0.000000
  605.771935	    0.000000
  605.928421	    0.000000
  606.084905	    0.000000
  606.241385	    0.000000
  606.397863	    0.000000
  606.554338	    0.000000
  606.710810	    0.000000
  606.867280	    0.000000
  607.023747	    0.000000
  607.180211	    0.000000
  607.336673	    0.000000
  607.493131	    0.000000
  607.649587	    0.000000
  607.806041	    0.000000
  607.962491	    0.000000
  608.118939	    0.000000
  608.275384	    0.000000
  608.431826	    0.000000
  608.588266	    0.000000
  608.744703	    0.000000
  608.901137	    0.000000
  609.057569	    0.000000
  609.213997	    0.000000
  609.370423	    0.000000
  609.526846	    0.000000
  609.683267	    0.000000
  609.839685	    0.000000
  609.996100	    0.000000
  610.152512	    0.000000
  610.308921	    0.000000
  610.465328	    0.000000
  610.621732	    0.000000
  610.778133	    0.000000
  610.934532	    0.000000
  611.090927	    0.000000
  611.247320	    0.000000
  611.403711	    0.000000
  611.560098	    0.000000
  611.716483	    0.000000
  611.872865	    0.000000
  612.029244	    0.000000
  612.185620	    0.000000
  612.341994	    0.000000
  612.498365	    0.000000
  612.654733	    0.000000
  612.811098	    0.000000
  612.967461	    0.000000
  613.123821	    0.000000
  613.280178	    0.000000
  613.436532	    0.000000
  613.592884	    0.000000
  613.749232	    0.000000
  613.905578	    0.000000
  614.061922	    0.000000
  614.218262	    0.000000
  614.374600	    0.000000
  614.530935	    0.000000
  614.687267	    0.000000
  614.843596	    0.000000
  614.999923	    0.000000
  615.156246	    0.000000
  615.312567	    0.000000
  615.468885	    0.000000
  615.625201	    0.000000
  615.781513	    0.000000
  615.937823	    0.000000
  616.094130	    0.000000
  616.250434	    0.000000
  616.406736	    0.000000
  616.563034	    0.000000
  616.719330	    0.000000
  616.875623	    0.000000
  617.031914	    0.000000
  617.188201	    0.000000
  617.344486	    0.000000
  617.500768	    0.000000
  617.657047	    0.000000
  617.813323	    0.000000
  617.969596	    0.000000
  618.125867	    0.000000
  618.282135	    0.000000
  618.438400	    0.000000
  618.594662	    0.000000
  618.750921	    0.000000
  618.907178	    0.000000
  619.063432	    0.000000
  619.219683	    0.000000
  619.375931	    0.000000
  619.532176	    0.000000
  619.688419	    0.000000
  619.844658	    0.000000
  620.000895	    0.000000
  620.157129	    0.000000
  620.313361	    0.000000
  620.469589	    0.000000
  620.625815	    0.000000
  620.782037	    0.000000
  620.938257	    0.000000
  621.094474	    0.000000
  621.250689	    0.000000
  621.406900	    0.000000
  621.563109	    0.000000
  621.719314	    0.000000
  621.875517	    0.000000
  622.031717	    0.000000
  622.187915	    0.000000
  622.344109	    0.000000
  622.500301	    0.000000
  622.656490	    0.000000
  622.812675	    0.000000
  622.968859	    0.000000
  623.125039	    0.000000
  623.281216	    0.000000
  623.437391	    0.000000
  623.593562	    0.000000
  623.749731	    0.000000
  623.905897	    0.000000
  624.062060	    0.000000
  624.218221	    0.000000
  624.374378	    0.000000
  624.530533	    0.000000
  624.686684	    1.000000
  624.842833	    0.000000
  624.998979	    0.000000
  625.155122	    0.000000
  625.311263	    1.000000
  625.467400	    0.000000
  625.623535	    1.000000
  625.779666	    1.000000
  625.935795	    1.000000
  626.091921	    1.000000
  626.248044	    1.000000
  626.404165	    1.000000
  626.560282	    1.000000
  626.716397	    2.000000
  626.872508	    2.000000
  627.028617	    3.000000
  627.184723	    3.000000
  627.340826	    4.000000
  627.496926	    3.000000
  627.653023	    3.000000
  627.809118	    4.000000
  627.965209	    5.000000
  628.121298	    5.000000
  628.277383	    6.000000
  628.433466	    6.000000
  628.589546	    6.000000
  628.745623	    8.000000
  628.901698	    7.000000
  629.057769	    9.000000
  629.213837	    9.000000
  629.369903	   10.000000
  629.525965	   12.000000
  629.682025	   12.000000
  629.838082	   14.000000
  629.994136	   16.000000
  630.150187	   17.000000
  630.306235	   19.000000
  630.462280	   22.000000
  630.618323	   24.000000
  630.774362	   25.000000
  630.930399	   27.000000
  631.086433	   30.000000
  631.242463	   32.000000
  631.398491	   35.000000
  631.554516	   37.000000
  631.710538	   39.000000
  631.866557	   42.000000
  632.022573	   46.000000
  632.178587	   48.000000
  632.334597	   51.000000
  632.490605	   55.000000
  632.646609	   62.000000
  632.802611	   68.000000
  632.958610	   76.000000
  633.114605	   83.000000
  633.270598	   92.000000
  633.426588	  102.000000
  633.582575	  113.000000
  633.738559	  126.000000
  633.894541	  139.000000
  634.050519	  153.000000
  634.206494	  167.000000
  634.362467	  179.000000
  634.518436	  192.000000
  634.674403	  205.000000
  634.830366	  217.000000
  634.986327	  230.000000
  635.142285	  242.000000
  635.298240	  254.000000
  635.454192	  267.000000
  635.610140	  283.000000
  635.766086	  301.000000
  635.922030	  316.000000
  636.077970	  330.000000
  636.233907	  347.000000
  636.389841	  365.000000
  636.545772	  387.000000
  636.701701	  415.000000
  636.857626	  449.000000
  637.013549	  485.000000
  637.169468	  524.000000
  637.325385	  556.000000
  637.481298	  595.000000
  637.637209	  632.000000
  637.793117	  674.000000
  637.949022	  718.000000
  638.104923	  765.000000
  638.260822	  816.000000
  638.416718	  874.000000
  638.572611	  931.000000
  638.728501	  986.000000
  638.884388	 1041.000000
  639.040272	 1097.000000
  639.196153	 1157.000000
  639.352031	 1210.000000
  639.507906	 1263.000000
  639.663779	 1308.000000
  639.819648	 1353.000000
  639.975514	 1393.000000
  640.131377	 1435.000000
  640.287238	 1490.000000
  640.443095	 1552.000000
  640.598949	 1613.000000
  640.754801	 1669.000000
  640.910649	 1724.000000
  641.066494	 1783.000000
  641.222337	 1837.000000
  641.378176	 1882.000000
  641.534013	 1936.000000
  641.689846	 1975.000000
  641.845677	 2013.000000
  642.001504	 2048.000000
  642.157329	 2092.000000
  642.313150	 2134.000000
  642.468969	 2168.000000
  642.624785	 2211.000000
  642.780597	 2256.000000
  642.936407	 2305.000000
  643.092213	 2343.000000
  643.248017	 2394.000000
  643.403817	 2442.000000
  643.559615	 2506.000000
  643.715410	 2555.000000
  643.871201	 2596.000000
  644.026990	 2640.000000
  644.182776	 2692.000000
  644.338558	 2715.000000
  644.494338	 2740.000000
  644.650114	 2752.000000
  644.805888	 2760.000000
  644.961659	 2762.000000
  645.117426	 2782.000000
  645.273191	 2786.000000
  645.428952	 2767.000000
  645.584711	 2761.000000
  645.740466	 2772.000000
  645.896219	 2752.000000
  646.051968	 2751.000000
  646.207715	 2706.000000
  646.363458	 2674.000000
  646.519199	 2664.000000
  646.674936	 2637.000000
  646.830671	 2593.000000
  646.986402	 2553.000000
  647.142130	 2531.000000
  647.297856	 2515.000000
  647.453578	 2527.000000
  647.609297	 2495.000000
  647.765014	 2442.000000
  647.920727	 2377.000000
  648.076437	 2348.000000
  648.232144	 2324.000000
  648.387848	 2341.000000
  648.543549	 2344.000000
  648.699247	 2340.000000
  648.854942	 2313.000000
  649.010634	 2297.000000
  649.166323	 2304.000000
  649.322009	 2307.000000
  649.477692	 2319.000000
  649.633372	 2305.000000
  649.789049	 2299.000000
  649.944722	 2299.000000
  650.100393	 2274.000000
  650.256061	 2242.000000
  650.411725	 2235.000000
  650.567387	 2221.000000
  650.723045	 2197.000000
  650.878701	 2159.000000
  651.034353	 2147.000000
  651.190003	 2134.000000
  651.345649	 2104.000000
  651.501292	 2047.000000
  651.656932	 2000.000000
  651.812569	 1959.000000
  651.968204	 1898.000000
  652.123835	 1845.000000
  652.279462	 1812.000000
  652.435087	 1776.000000
  652.590709	 1745.000000
  652.746328	 1717.000000
  652.901944	 1663.000000
  653.057556	 1630.000000
  653.213166	 1617.000000
  653.368772	 1584.000000
  653.524376	 1538.000000
  653.679976	 1498.000000
  653.835573	 1476.000000
  653.991167	 1454.000000
  654.146758	 1420.000000
  654.302346	 1404.000000
  654.457931	 1398.000000
  654.613513	 1376.000000
  654.769092	 1346.000000
  654.924668	 1319.000000
  655.080240	 1293.000000
  655.235810	 1268.000000
  655.391376	 1246.000000
  655.546940	 1209.000000
  655.702500	 1169.000000
  655.858057	 1134.000000
  656.013611	 1098.000000
  656.169162	 1075.000000
  656.324710	 1053.000000
  656.480255	 1018.000000
  656.635797	  980.000000
  656.791335	  948.000000
  656.946871	  918.000000
  657.102403	  884.000000
  657.257933	  852.000000
  657.413459	  817.000000
  657.568982	  779.000000
  657.724502	  756.000000
  657.880019	  733.000000
  658.035533	  706.000000
  658.191043	  677.000000
  658.346551	  655.000000
  658.502056	  633.000000
  658.657557	  610.000000
  658.813055	  590.000000
  658.968550	  566.000000
  659.124042	  542.000000
  659.279531	  520.000000
  659.435017	  509.000000
  659.590500	  495.000000
  659.745980	  483.000000
  659.901456	  470.000000
  660.056929	  456.000000
  660.212400	  442.000000
  660.367867	  427.000000
  660.523331	  408.000000
  660.678792	  390.000000
  660.834249	  371.000000
  660.989704	  351.000000
  661.145155	  334.000000
  661.300604	  315.000000
  661.456049	  301.000000
  661.611491	  289.000000
  661.766930	  275.000000
  661.922366	  264.000000
  662.077798	  251.000000
  662.233228	  238.000000
  662.388654	  226.000000
  662.544078	  212.000000
  662.699498	  200.000000
  662.854915	  192.000000
  663.010329	  183.000000
  663.165739	  177.000000
  663.321147	  169.000000
  663.476551	  159.000000
  663.631953	  151.000000
  663.787351	  143.000000
  663.942746	  136.000000
  664.098138	  130.000000
  664.253526	  125.000000
  664.408912	  118.000000
  664.564294	  113.000000
  664.719673	  106.000000
  664.875049	  100.000000
  665.030422	   95.000000
  665.185792	   88.000000
  665.341159	   85.000000
  665.496522	   82.000000
  665.651882	   77.000000
  665.807239	   73.000000
  665.962593	   69.000000
  666.117944	   66.000000
  666.273292	   62.000000
  666.428636	   58.000000
  666.583977	   54.000000
  666.739316	   50.000000
  666.894650	   46.000000
  667.049982	   43.000000
  667.205311	   40.000000
  667.360636	   37.000000
  667.515958	   35.000000
  667.671277	   31.000000
  667.826593	   30.000000
  667.981906	   28.000000
  668.137216	   26.000000
  668.292522	   23.000000
  668.447825	   22.000000
  668.603125	   19.000000
  668.758422	   18.000000
  668.913715	   17.000000
  669.069006	   15.000000
  669.224293	   14.000000
  669.379577	   13.000000
  669.534858	   11.000000
  669.690136	   11.000000
  669.845410	   10.000000
  670.000681	    9.000000
  670.155949	    9.000000
  670.311214	    9.000000
  670.466476	    7.000000
  670.621734	    7.000000
  670.776990	    6.000000
  670.932242	    6.000000
  671.087491	    6.000000
  671.242736	    6.000000
  671.397979	    5.000000
  671.553218	    5.000000
  671.708454	    4.000000
  671.863687	    4.000000
  672.018917	    4.000000
  672.174143	    4.000000
  672.329366	    3.000000
  672.484586	    3.000000
  672.639803	    3.000000
  672.795017	    2.000000
  672.950227	    3.000000
  673.105434	    2.000000
  673.260638	    2.000000
  673.415839	    2.000000
  673.571036	    2.000000
  673.726230	    1.000000
  673.881422	    1.000000
  674.036609	    1.000000
  674.191794	    1.000000
  674.346975	    1.000000
  674.502153	    1.000000
  674.657328	    1.000000
  674.812500	    1.000000
  674.967668	    0.000000
  675.122834	    0.000000
  675.277996	    1.000000
  675.433154	    1.000000
  675.588310	    0.000000
  675.743462	    0.000000
  675.898611	    0.000000
  676.053757	    0.000000
  676.208900	    0.000000
  676.364039	    0.000000
  676.519175	    0.000000
  676.674308	    0.000000
  676.829437	    0.000000
  676.984564	    0.000000
  677.139687	    0.000000
  677.294807	    0.000000
  677.449923	    0.000000
  677.605037	    0.000000
  677.760147	    0.000000
  677.915254	    0.000000
  678.070357	    0.000000
  678.225457	    0.000000
  678.380555	    0.000000
  678.535648	    0.000000
  678.690739	    0.000000
  678.845826	    0.000000
  679.000910	    0.000000
  679.155991	    0.000000
  679.311069	    0.000000
  679.466143	    0.000000
  679.621214	    0.000000
  679.776282	    0.000000
  679.931346	    0.000000
  680.086407	    0.000000
  680.241465	    0.000000
  680.396520	    0.000000
  680.551571	    0.000000
  680.706619	    0.000000
  680.861664	    0.000000
  681.016706	    0.000000
  681.171744	    0.000000
  681.326779	    0.000000
  681.481811	    0.000000
  681.636839	    0.000000
  681.791864	    0.000000
  681.946886	    0.000000
  682.101905	    0.000000
  682.256920	    0.000000
  682.411932	    0.000000
  682.566941	    0.000000
  682.721946	    0.000000
  682.876948	    0.000000
  683.031947	    0.000000
  683.186943	    0.000000
  683.341935	    0.000000
  683.496924	    0.000000
  683.651909	    0.000000
  683.806892	    0.000000
  683.961871	    0.000000
  684.116847	    0.000000
  684.271819	    0.000000
  684.426788	    0.000000
  684.581754	    0.000000
  684.736717	    0.000000
  684.891676	    0.000000
  685.046632	    0.000000
  685.201585	    0.000000
  685.356534	    0.000000
  685.511480	    0.000000
  685.666423	    0.000000
  685.821362	    0.000000
  685.976298	    0.000000
  686.131231	    0.000000
  686.286161	    0.000000
  686.441087	    0.000000
  686.596010	    0.000000
  686.750929	    0.000000
  686.905846	    0.000000
  687.060758	    0.000000
  687.215668	    0.000000
  687.370574	    0.000000
  687.525477	    0.000000
  687.680377	    0.000000
  687.835273	    0.000000
  687.990166	    0.000000
  688.145056	    0.000000
  688.299942	    0.000000
  688.454825	    0.000000
  688.609705	    0.000000
  688.764581	    0.000000
  688.919454	    0.000000
  689.074323	    0.000000
  689.229190	    0.000000
  689.384053	    0.000000
  689.538912	    0.000000
  689.693769	    0.000000
  689.848621	    0.000000
  690.003471	    0.000000
  690.158317	    0.000000
  690.313160	    0.000000
  690.468000	    0.000000
  690.622836	    0.000000
  690.777669	    0.000000
  690.932498	    0.000000
  691.087324	    0.000000
  691.242147	    0.000000
  691.396967	    0.000000
  691.551783	    0.000000
  691.706596	    0.000000
  691.861405	    0.000000
  692.016211	    0.000000
  692.171014	    0.000000
  692.325813	    0.000000
  692.480609	    0.000000
  692.635402	    0.000000
  692.790191	    0.000000
  692.944977	    0.000000
  693.099759	    0.000000
  693.254538	    0.000000
  693.409314	    0.000000
  693.564086	    0.000000
  693.718855	    0.000000
  693.873621	    0.000000
  694.028383	    0.000000
  694.183142	    0.000000
  694.337898	    0.000000
  694.492650	    0.000000
  694.647399	    0.000000
  694.802144	    0.000000
  694.956886	    0.000000
  695.111625	    0.000000
  695.266360	    0.000000
  695.421092	    0.000000
  695.575821	    0.000000
  695.730546	    0.000000
  695.885267	    0.000000
  696.039986	    0.000000
  696.194701	    0.000000
  696.349412	    0.000000
  696.504121	    0.000000
  696.658825	    0.000000
  696.813527	    0.000000
  696.968225	    0.000000
  697.122919	    0.000000
  697.277611	    0.000000
  697.432298	    0.000000
  697.586983	    0.000000
  697.741664	    0.000000
  697.896341	    0.000000
  698.051016	    0.000000
  698.205686	    0.000000
  698.360354	    0.000000
  698.515018	    0.000000
  698.669678	    0.000000
  698.824336	    0.000000
  698.978989	    0.000000
  699.133640	    0.000000
  699.288287	    0.000000
  699.442930	    0.000000
  699.597570	    0.000000
  699.752207	    0.000000
  699.906840	    0.000000
  700.061470	    0.000000
  700.216097	    0.000000
  700.370720	    0.000000
  700.525339	    0.000000
  700.679956	    0.000000
  700.834569	    0.000000
  700.989178	    0.000000
  701.143784	    0.000000
  701.298386	    0.000000
  701.452985	    0.000000
  701.607581	    0.000000
  701.762173	    0.000000
  701.916762	    0.000000
  702.071348	    0.000000
  702.225929	    0.000000
  702.380508	    0.000000
  702.535083	    0.000000
  702.689655	    0.000000
  702.844223	    0.000000
  702.998788	    0.000000
  703.153349	    0.000000
  703.307907	    0.000000
  703.462461	    0.000000
  703.617012	    0.000000
  703.771560	    0.000000
  703.926104	    0.000000
  704.080645	    0.000000
  704.235182	    0.000000
  704.389716	    0.000000
  704.544246	    0.000000
  704.698773	    0.000000
  704.853296	    0.000000
  705.007816	    0.000000
  705.162333	    0.000000
  705.316846	    0.000000
  705.471355	    0.000000
  705.625861	    0.000000
  705.780364	    0.000000
  705.934863	    0.000000
  706.089359	    0.000000
  706.243851	    0.000000
  706.398340	    0.000000
  706.552826	    0.000000
  706.707308	    0.000000
  706.861786	    0.000000
  707.016261	    0.000000
  707.170732	    0.000000
  707.325200	    0.000000
  707.479665	    0.000000
  707.634126	    0.000000
  707.788584	    0.000000
  707.943038	    0.000000
  708.097489	    0.000000
  708.251936	    0.000000
  708.406379	    0.000000
  708.560820	    0.000000
  708.715256	    0.000000
  708.869690	    0.000000
  709.024120	    0.000000
  709.178546	    0.000000
  709.332969	    0.000000
  709.487388	    0.000000
  709.641804	    0.000000
  709.796216	    0.000000
  709.950625	    0.000000
  710.105030	    0.000000
  710.259432	    0.000000
  710.413831	    0.000000
  710.568226	    0.000000
  710.722617	    0.000000
  710.877005	    0.000000
  711.031389	    0.000000
  711.185770	    0.000000
  711.340148	    0.000000
  711.494522	    0.000000
  711.648892	    0.000000
  711.803259	    0.000000
  711.957622	    0.000000
  712.111982	    0.000000
  712.266339	    0.000000
  712.420692	    0.000000
  712.575041	    0.000000
  712.729387	    0.000000
  712.883729	    0.000000
  713.038068	    0.000000
  713.192403	    0.000000
  713.346735	    0.000000
  713.501064	    0.000000
  713.655388	    0.000000
  713.809710	    0.000000
  713.964027	    0.000000
  714.118342	    0.000000
  714.272652	    0.000000
  714.426960	    0.000000
  714.581263	    0.000000
  714.735563	    0.000000
  714.889860	    0.000000
  715.044153	    0.000000
  715.198443	    0.000000
  715.352729	    0.000000
  715.507011	    0.000000
  715.661290	    0.000000
  715.815566	    0.000000
  715.969838	    0.000000
  716.124106	    0.000000
  716.278371	    0.000000
  716.432632	    0.000000
  716.586890	    0.000000
  716.741144	    0.000000
  716.895395	    0.000000
  717.049642	    0.000000
  717.203886	    0.000000
  717.358126	    0.000000
  717.512362	    0.000000
  717.666595	    0.000000
  717.820825	    0.000000
  717.975050	    0.000000
  718.129273	    0.000000
  718.283492	    0.000000
  718.437707	    0.000000
  718.591918	    0.000000
  718.746127	    0.000000
  718.900331	    0.000000
  719.054532	    0.000000
  719.208730	    0.000000
  719.362923	    0.000000
  719.517114	    0.000000
  719.671301	    0.000000
  719.825484	    0.000000
  719.979663	    0.000000
  720.133840	    0.000000
  720.288012	    0.000000
  720.442181	    0.000000
  720.596346	    0.000000
  720.750508	    0.000000
  720.904667	    0.000000
  721.058821	    0.000000
  721.212972	    0.000000
  721.367120	    0.000000
  721.521264	    0.000000
  721.675404	    0.000000
  721.829541	    0.000000
  721.983674	    0.000000
  722.137804	    0.000000
  722.291930	    0.000000
  722.446052	    0.000000
  722.600171	    0.000000
  722.754287	    0.000000
  722.908398	    0.000000
  723.062507	    0.000000
  723.216611	    0.000000
  723.370712	    0.000000
  723.524810	    0.000000
  723.678903	    0.000000
  723.832994	    0.000000
  723.987080	    0.000000
  724.141163	    0.000000
  724.295243	    0.000000
  724.449319	    0.000000
  724.603391	    0.000000
  724.757460	    0.000000
  724.911525	    0.000000
  725.065586	    0.000000
  725.219644	    0.000000
  725.373698	    0.000000
  725.527749	    0.000000
  725.681796	    0.000000
  725.835839	    0.000000
  725.989879	    0.000000
  726.143915	    0.000000
  726.297948	    0.000000
  726.451977	    0.000000
  726.606002	    0.000000
  726.760024	    0.000000
  726.914042	    0.000000
  727.068057	    0.000000
  727.222068	    0.000000
  727.376075	    0.000000
  727.530079	    0.000000
  727.684079	    0.000000
  727.838075	    0.000000
  727.992068	    0.000000
  728.146057	    0.000000
  728.300043	    0.000000
  728.454025	    0.000000
  728.608003	    0.000000
  728.761978	    0.000000
  728.915949	    0.000000
  729.069917	    0.000000
  729.223880	    0.000000
  729.377841	    0.000000
  729.531797	    0.000000
  729.685750	    0.000000
  729.839699	    0.000000
  729.993645	    0.000000
  730.147587	    0.000000
  730.301526	    0.000000
  730.455460	    0.000000
  730.609391	    0.000000
  730.763319	    0.000000
  730.917243	    0.000000
  731.071163	    0.000000
  731.225079	    0.000000
  731.378992	    0.000000
  731.532902	    0.000000
  731.686807	    0.000000
  731.840709	    0.000000
  731.994607	    0.000000
  732.148502	    0.000000
  732.302393	    0.000000
  732.456280	    0.000000
  732.610164	    0.000000
  732.764044	    0.000000
  732.917921	    0.000000
  733.071793	    0.000000
  733.225662	    0.000000
  733.379528	    0.000000
  733.533389	    0.000000
  733.687248	    0.000000
  733.841102	    0.000000
  733.994953	    0.000000
  734.148800	    0.000000
  734.302643	    0.000000
  734.456483	    0.000000
  734.610319	    0.000000
  734.764151	    0.000000
  734.917980	    0.000000
  735.071805	    0.000000
  735.225627	    0.000000
  735.379444	    0.000000
  735.533258	    0.000000
  735.687069	    0.000000
  735.840875	    0.000000
  735.994678	    0.000000
  736.148478	    0.000000
  736.302273	    0.000000
  736.456065	    0.000000
  736.609854	    0.000000
  736.763638	    0.000000
  736.917419	    0.000000
  737.071196	    0.000000
  737.224970	    0.000000
  737.378740	    0.000000
  737.532506	    0.000000
  737.686268	    0.000000
  737.840027	    0.000000
  737.993782	    0.000000
  738.147533	    0.000000
  738.301281	    0.000000
  738.455025	    0.000000
  738.608765	    0.000000
  738.762502	    0.000000
  738.916235	    0.000000
  739.069964	    0.000000
  739.223690	    0.000000
  739.377411	    0.000000
  739.531129	    0.000000
  739.684844	    0.000000
  739.838554	    0.000000
  739.992261	    0.000000
  740.145965	    0.000000
  740.299664	    0.000000
  740.453360	    0.000000
  740.607052	    0.000000
  740.760740	    0.000000
  740.914425	    0.000000
  741.068106	    0.000000
  741.221783	    0.000000
  741.375457	    0.000000
  741.529127	    0.000000
  741.682793	    0.000000
  741.836455	    0.000000
  741.990114	    0.000000
  742.143769	    0.000000
  742.297420	    0.000000
  742.451067	    0.000000
  742.604711	    0.000000
  742.758351	    0.000000
  742.911987	    0.000000
  743.065620	    0.000000
  743.219249	    0.000000
  743.372874	    0.000000
  743.526495	    0.000000
  743.680113	    0.000000
  743.833726	    0.000000
  743.987337	    0.000000
  744.140943	    0.000000
  744.294546	    0.000000
  744.448145	    0.000000
  744.601740	    0.000000
  744.755331	    0.000000
  744.908919	    0.000000
  745.062503	    0.000000
  745.216083	    0.000000
  745.369659	    0.000000
  745.523232	    0.000000
  745.676801	    0.000000
  745.830366	    0.000000
  745.983928	    0.000000
  746.137485	    0.000000
  746.291039	    0.000000
  746.444590	    0.000000
  746.598136	    0.000000
  746.751679	    0.000000
  746.905218	    0.000000
  747.058753	    0.000000
  747.212284	    0.000000
  747.365812	    0.000000
  747.519336	    0.000000
  747.672856	    0.000000
  747.826372	    0.000000
  747.979885	    0.000000
  748.133393	    0.000000
  748.286898	    0.000000
  748.440400	    0.000000
  748.593897	    0.000000
  748.747391	    0.000000
  748.900881	    0.000000
  749.054367	    0.000000
  749.207850	    0.000000
  749.361328	    0.000000
  749.514803	    0.000000
  749.668274	    0.000000
  749.821741	    0.000000
  749.975205	    0.000000
  750.128665	    0.000000
  750.282121	    0.000000
  750.435573	    0.000000
  750.589021	    0.000000
  750.742466	    0.000000
  750.895906	    0.000000
  751.049343	    0.000000
  751.202777	    0.000000
  751.356206	    0.000000
  751.509632	    0.000000
  751.663054	    0.000000
  751.816472	    0.000000
  751.969886	    0.000000
  752.123296	    0.000000
  752.276703	    0.000000
  752.430106	    0.000000
  752.583505	    0.000000
  752.736900	    0.000000
  752.890292	    0.000000
  753.043679	    0.000000
  753.197063	    0.000000
  753.350443	    0.000000
  753.503820	    0.000000
  753.657192	    0.000000
  753.810561	    0.000000
  753.963925	    0.000000
  754.117286	    0.000000
  754.270644	    0.000000
  754.423997	    0.000000
  754.577347	    0.000000
  754.730692	    0.000000
  754.884034	    0.000000
  755.037372	    0.000000
  755.190707	    0.000000
  755.344037	    0.000000
  755.497364	    0.000000
  755.650687	    0.000000
  755.804006	    0.000000
  755.957321	    0.000000
  756.110632	    0.000000
  756.263940	    0.000000
  756.417244	    0.000000
  756.570543	    0.000000
  756.723840	    0.000000
  756.877132	    0.000000
  757.030420	    0.000000
  757.183705	    0.000000
  757.336985	    0.000000
  757.490262	    0.000000
  757.643535	    0.000000
  757.796805	    0.000000
  757.950070	    0.000000
  758.103332	    0.000000
  758.256589	    0.000000
  758.409843	    0.000000
  758.563093	    0.000000
  758.716339	    0.000000
  758.869582	    0.000000
  759.022820	    0.000000
  759.176055	    0.000000
  759.329286	    0.000000
  759.482513	    0.000000
  759.635736	    0.000000
  759.788955	    0.000000
  759.942170	    0.000000
  760.095382	    0.000000
  760.248589	    0.000000
  760.401793	    0.000000
  760.554993	    0.000000
  760.708189	    0.000000
  760.861382	    0.000000
  761.014570	    0.000000
  761.167755	    0.000000
  761.320935	    0.000000
  761.474112	    0.000000
  761.627285	    0.000000
  761.780454	    0.000000
  761.933619	    0.000000
  762.086781	    0.000000
  762.239938	    0.000000
  762.393092	    0.000000
  762.546241	    0.000000
  762.699387	    0.000000
  762.852529	    0.000000
  763.005667	    0.000000
  763.158801	    0.000000
  763.311932	    0.000000
  763.465058	    0.000000
  763.618181	    0.000000
  763.771300	    0.000000
  763.924414	    0.000000
  764.077525	    0.000000
  764.230632	    0.000000
  764.383736	    0.000000
  764.536835	    0.000000
  764.689930	    0.000000
  764.843022	    0.000000
  764.996109	    0.000000
  765.149193	    0.000000
  765.302273	    0.000000
  765.455349	    0.000000
  765.608421	    0.000000
  765.761489	    0.000000
  765.914554	    0.000000
  766.067614	    0.000000
  766.220670	    0.000000
  766.373723	    0.000000
  766.526772	    0.000000
  766.679816	    0.000000
  766.832857	    0.000000
  766.985894	    0.000000
  767.138927	    0.000000
  767.291957	    0.000000
  767.444982	    0.000000
  767.598003	    0.000000
  767.751021	    0.000000
  767.904034	    0.000000
  768.057044	    0.000000
  768.210049	    0.000000
  768.363051	    0.000000
  768.516049	    0.000000
  768.669043	    0.000000
  768.822033	    0.000000
  768.975019	    0.000000
  769.128001	    0.000000
  769.280980	    0.000000
  769.433954	    0.000000
  769.586925	    0.000000
  769.739891	    0.000000
  769.892854	    0.000000
  770.045812	    0.000000
  770.198767	    0.000000
  770.351718	    0.000000
  770.504665	    0.000000
  770.657608	    0.000000
  770.810547	    0.000000
  770.963482	    0.000000
  771.116413	    0.000000
  771.269340	    0.000000
  771.422264	    0.000000
  771.575183	    0.000000
  771.728098	    0.000000
  771.881010	    0.000000
  772.033918	    0.000000
  772.186821	    0.000000
  772.339721	    0.000000
  772.492617	    0.000000
  772.645508	    0.000000
  772.798396	    0.000000
  772.951280	    0.000000
  773.104160	    0.000000
  773.257036	    0.000000
  773.409908	    0.000000
  773.562776	    0.000000
  773.715640	    0.000000
  773.868500	    0.000000
  774.021357	    0.000000
  774.174209	    0.000000
  774.327057	    0.000000
  774.479902	    0.000000
  774.632742	    0.000000
  774.785579	    0.000000
  774.938411	    0.000000
  775.091240	    0.000000
  775.244064	    0.000000
  775.396885	    0.000000
  775.549701	    0.000000
  775.702514	    0.000000
  775.855323	    0.000000
  776.008128	    0.000000
  776.160928	    0.000000
  776.313725	    0.000000
  776.466518	    0.000000
  776.619307	    0.000000
  776.772092	    0.000000
  776.924873	    0.000000
  777.077650	    0.000000
  777.230423	    0.000000
  777.383192	    0.000000
  777.535957	    0.000000
  777.688718	    0.000000
  777.841475	    0.000000
  777.994228	    0.000000
  778.146977	    0.000000
  778.299722	    0.000000
  778.452463	    0.000000
  778.605200	    0.000000
  778.757933	    0.000000
  778.910662	    0.000000
  779.063387	    0.000000
  779.216109	    0.000000
  779.368826	    0.000000
  779.521539	    0.000000
  779.674248	    0.000000
  779.826953	    0.000000
  779.979655	    0.000000
  780.132352	    0.000000
  780.285045	    0.000000
  780.437734	    0.000000
  780.590419	    0.000000
  780.743101	    0.000000
  780.895778	    0.000000
  781.048451	    0.000000
  781.201120	    0.000000
  781.353785	    0.000000
  781.506446	    0.000000
  781.659104	    0.000000
  781.811757	    0.000000
  781.964406	    0.000000
  782.117051	    0.000000
  782.269692	    0.000000
  782.422329	    0.000000
  782.574962	    0.000000
  782.727591	    0.000000
  782.880217	    0.000000
  783.032838	    0.000000
  783.185455	    0.000000
  783.338068	    0.000000
  783.490677	    0.000000
  783.643282	    0.000000
  783.795882	    0.000000
  783.948479	    0.000000
  784.101072	    0.000000
  784.253661	    0.000000
  784.406246	    0.000000
  784.558827	    0.000000
  784.711403	    0.000000
  784.863976	    0.000000
  785.016545	    0.000000
  785.169110	    0.000000
  785.321670	    0.000000
  785.474227	    0.000000
  785.626779	    0.000000
  785.779328	    0.000000
  785.931872	    0.000000
  786.084413	    0.000000
  786.236949	    0.000000
  786.389482	    0.000000
  786.542010	    0.000000
  786.694534	    0.000000
  786.847055	    0.000000
  786.999571	    0.000000
  787.152083	    0.000000
  787.304591	    0.000000
  787.457095	    0.000000
  787.609595	    0.000000
  787.762091	    0.000000
  787.914583	    0.000000
  788.067071	    0.000000
  788.219554	    0.000000
  788.372034	    0.000000
  788.524510	    0.000000
  788.676981	    0.000000
  788.829449	    0.000000
  788.981912	    0.000000
  789.134372	    0.000000
  789.286827	    0.000000
  789.439279	    0.000000
  789.591726	    0.000000
  789.744169	    0.000000
  789.896608	    0.000000
  790.049043	    0.000000
  790.201474	    0.000000
  790.353901	    0.000000
  790.506324	    0.000000
  790.658743	    0.000000
  790.811157	    0.000000
  790.963568	    0.000000
  791.115974	    0.000000
  791.268377	    0.000000
  791.420775	    0.000000
  791.573170	    0.000000
  791.725560	    0.000000
  791.877946	    0.000000
  792.030328	    0.000000
  792.182706	    0.000000
  792.335080	    0.000000
  792.487450	    0.000000
  792.639815	    0.000000
  792.792177	    0.000000
  792.944535	    0.000000
  793.096888	    0.000000
  793.249237	    0.000000
  793.401583	    0.000000
  793.553924	    0.000000
  793.706261	    0.000000
  793.858594	    0.000000
  794.010923	    1.000000
  794.163248	    0.000000
  794.315568	    0.000000
  794.467885	    0.000000
  794.620197	    0.000000
  794.772506	    0.000000
  794.924810	    0.000000
  795.077110	    0.000000
  795.229406	    0.000000
  795.381698	    0.000000
  795.533986	    0.000000
  795.686270	    0.000000
  795.838550	    0.000000
  795.990825	    0.000000
  796.143097	    0.000000
  796.295364	    0.000000
  796.447627	    0.000000
  796.599886	    0.000000
  796.752141	    0.000000
  796.904392	    0.000000
  797.056639	    0.000000
  797.208881	    0.000000
  797.361120	    0.000000
  797.513354	    0.000000
  797.665585	    0.000000
  797.817811	    0.000000
  797.970033	    0.000000
  798.122251	    0.000000
  798.274464	    0.000000
  798.426674	    0.000000
  798.578879	    0.000000
  798.731081	    0.000000
  798.883278	    0.000000
  799.035471	    0.000000
  799.187660	    0.000000
  799.339845	    0.000000
  799.492026	    0.000000
  799.644202	    0.000000
  799.796375	    0.000000
  799.948543	    0.000000
  800.100707	    0.000000
  800.252867	    0.000000
  800.405023	    0.000000
  800.557175	    0.000000
  800.709323	    0.000000
  800.861466	    0.000000
  801.013605	    0.000000
  801.165740	    0.000000
  801.317871	    0.000000
  801.469998	    0.000000
  801.622121	    0.000000
  801.774240	    0.000000
  801.926354	    0.000000
  802.078464	    0.000000
  802.230570	    0.000000
  802.382672	    0.000000
  802.534770	    0.000000
  802.686864	    0.000000
  802.838953	    0.000000
  802.991039	    0.000000
  803.143120	    0.000000
  803.295197	    0.000000
  803.447270	    0.000000
  803.599338	    0.000000
  803.751403	    0.000000
  803.903463	    0.000000
  804.055519	    0.000000
  804.207571	    0.000000
  804.359619	    0.000000
  804.511663	    0.000000
  804.663702	    0.000000
  804.815738	    0.000000
