  559.896271	 2383.000000
  560.053526	 2382.000000
  560.210778	 2383.000000
  560.368028	 2383.000000
  560.525276	 2382.000000
  560.682522	 2381.000000
  560.839765	 2384.000000
  560.997006	 2390.000000
  561.154244	 2392.000000
  561.311480	 2399.000000
  561.468714	 2410.000000
  561.625945	 2408.000000
  561.783174	 2408.000000
  561.940401	 2407.000000
  562.097625	 2403.000000
  562.254847	 2399.000000
  562.412067	 2397.000000
  562.569284	 2399.000000
  562.726499	 2409.000000
  562.883711	 2412.000000
  563.040922	 2415.000000
  563.198129	 2421.000000
  563.355335	 2419.000000
  563.512538	 2411.000000
  563.669739	 2406.000000
  563.826937	 2400.000000
  563.984133	 2399.000000
  564.141326	 2402.000000
  564.298518	 2402.000000
  564.455707	 2409.000000
  564.612893	 2411.000000
  564.770077	 2407.000000
  564.927259	 2405.000000
  565.084438	 2399.000000
  565.241615	 2387.000000
  565.398790	 2384.000000
  565.555962	 2379.000000
  565.713132	 2379.000000
  565.870299	 2386.000000
  566.027464	 2384.000000
  566.184627	 2385.000000
  566.341787	 2388.000000
  566.498945	 2383.000000
  566.656100	 2378.000000
  566.813253	 2378.000000
  566.970404	 2372.000000
  567.127552	 2370.000000
  567.284698	 2370.000000
  567.441842	 2372.000000
  567.598983	 2377.000000
  567.756122	 2378.000000
  567.913258	 2376.000000
  568.070392	 2380.000000
  568.227523	 2382.000000
  568.384653	 2378.000000
  568.541779	 2375.000000
  568.698904	 2374.000000
  568.856025	 2372.000000
  569.013145	 2371.000000
  569.170262	 2375.000000
  569.327377	 2380.000000
  569.484489	 2386.000000
  569.641599	 2391.000000
  569.798706	 2395.000000
  569.955811	 2396.000000
  570.112914	 2395.000000
  570.270014	 2391.000000
  570.427112	 2388.000000
  570.584207	 2388.000000
  570.741300	 2392.000000
  570.898390	 2394.000000
  571.055478	 2402.000000
  571.212564	 2414.000000
  571.369647	 2417.000000
  571.526728	 2415.000000
  571.683806	 2417.000000
  571.840882	 2413.000000
  571.997956	 2408.000000
  572.155027	 2408.000000
  572.312095	 2409.000000
  572.469162	 2413.000000
  572.626225	 2422.000000
  572.783287	 2426.000000
  572.940346	 2430.000000
  573.097402	 2434.000000
  573.254456	 2431.000000
  573.411508	 2425.000000
  573.568557	 2421.000000
  573.725603	 2421.000000
  573.882648	 2420.000000
  574.039689	 2419.000000
  574.196729	 2425.000000
  574.353765	 2433.000000
  574.510800	 2429.000000
  574.667832	 2436.000000
  574.824861	 2434.000000
  574.981888	 2434.000000
  575.138913	 2427.000000
  575.295935	 2425.000000
  575.452955	 2423.000000
  575.609972	 2420.000000
  575.766987	 2422.000000
  575.923999	 2423.000000
  576.081009	 2423.000000
  576.238017	 2425.000000
  576.395021	 2426.000000
  576.552024	 2424.000000
  576.709024	 2423.000000
  576.866021	 2422.000000
  577.023017	 2417.000000
  577.180009	 2414.000000
  577.336999	 2405.000000
  577.493987	 2405.000000
  577.650972	 2406.000000
  577.807955	 2406.000000
  577.964935	 2410.000000
  578.121913	 2418.000000
  578.278888	 2415.000000
  578.435861	 2412.000000
  578.592831	 2411.000000
  578.749799	 2405.000000
  578.906764	 2399.000000
  579.063727	 2397.000000
  579.220687	 2397.000000
  579.377645	 2402.000000
  579.534601	 2405.000000
  579.691554	 2408.000000
  579.848504	 2411.000000
  580.005452	 2414.000000
  580.162397	 2407.000000
  580.319340	 2400.000000
  580.476281	 2396.000000
  580.633219	 2392.000000
  580.790154	 2389.000000
  580.947087	 2392.000000
  581.104017	 2394.000000
  581.260945	 2401.000000
  581.417871	 2405.000000
  581.574794	 2406.000000
  581.731714	 2404.000000
  581.888632	 2401.000000
  582.045547	 2397.000000
  582.202460	 2393.000000
  582.359371	 2390.000000
  582.516279	 2392.000000
  582.673184	 2394.000000
  582.830087	 2397.000000
  582.986987	 2409.000000
  583.143885	 2402.000000
  583.300780	 2405.000000
  583.457673	 2403.000000
  583.614563	 2400.000000
  583.771451	 2398.000000
  583.928336	 2397.000000
  584.085219	 2396.000000
  584.242099	 2393.000000
  584.398977	 2394.000000
  584.555852	 2397.000000
  584.712724	 2401.000000
  584.869595	 2402.000000
  585.026462	 2401.000000
  585.183327	 2406.000000
  585.340190	 2405.000000
  585.497049	 2401.000000
  585.653907	 2399.000000
  585.810762	 2397.000000
  585.967614	 2392.000000
  586.124464	 2387.000000
  586.281311	 2383.000000
  586.438156	 2386.000000
  586.594998	 2393.000000
  586.751838	 2393.000000
  586.908675	 2393.000000
  587.065509	 2394.000000
  587.222341	 2390.000000
  587.379171	 2382.000000
  587.535998	 2372.000000
  587.692822	 2369.000000
  587.849644	 2358.000000
  588.006463	 2357.000000
  588.163280	 2354.000000
  588.320094	 2355.000000
  588.476905	 2358.000000
  588.633714	 2356.000000
  588.790521	 2347.000000
  588.947325	 2338.000000
  589.104126	 2332.000000
  589.260925	 2318.000000
  589.417721	 2308.000000
  589.574515	 2298.000000
  589.731306	 2294.000000
  589.888094	 2295.000000
  590.044880	 2292.000000
  590.201664	 2286.000000
  590.358444	 2283.000000
  590.515223	 2279.000000
  590.671998	 2270.000000
  590.828771	 2259.000000
  590.985542	 2249.000000
  591.142310	 2241.000000
  591.299075	 2234.000000
  591.455838	 2228.000000
  591.612598	 2225.000000
  591.769356	 2223.000000
  591.926111	 2222.000000
  592.082863	 2216.000000
  592.239613	 2212.000000
  592.396360	 2206.000000
  592.553105	 2198.000000
  592.709847	 2191.000000
  592.866587	 2185.000000
  593.023324	 2179.000000
  593.180058	 2172.000000
  593.336790	 2166.000000
  593.493519	 2166.000000
  593.650245	 2162.000000
  593.806969	 2162.000000
  593.963691	 2160.000000
  594.120409	 2158.000000
  594.277125	 2157.000000
  594.433839	 2154.000000
  594.590550	 2147.000000
  594.747258	 2140.000000
  594.903964	 2136.000000
  595.060667	 2134.000000
  595.217368	 2132.000000
  595.374066	 2132.000000
  595.530761	 2132.000000
  595.687454	 2138.000000
  595.844144	 2143.000000
  596.000831	 2142.000000
  596.157516	 2139.000000
  596.314198	 2137.000000
  596.470878	 2133.000000
  596.627555	 2127.000000
  596.784229	 2123.000000
  596.940901	 2121.000000
  597.097570	 2122.000000
  597.254237	 2126.000000
  597.410901	 2129.000000
  597.567562	 2131.000000
  597.724221	 2134.000000
  597.880877	 2132.000000
  598.037530	 2125.000000
  598.194181	 2121.000000
  598.350829	 2117.000000
  598.507474	 2110.000000
  598.664117	 2108.000000
  598.820757	 2107.000000
  598.977395	 2108.000000
  599.134030	 2114.000000
  599.290662	 2117.000000
  599.447292	 2113.000000
  599.603919	 2111.000000
  599.760543	 2109.000000
  599.917165	 2104.000000
  600.073784	 2097.000000
  600.230401	 2092.000000
  600.387015	 2088.000000
  600.543626	 2087.000000
  600.700234	 2086.000000
  600.856840	 2084.000000
  601.013443	 2083.000000
  601.170044	 2083.000000
  601.326642	 2080.000000
  601.483237	 2076.000000
  601.639830	 2072.000000
  601.796420	 2067.000000
  601.953007	 2061.000000
  602.109591	 2052.000000
  602.266173	 2047.000000
  602.422753	 2042.000000
  602.579329	 2039.000000
  602.735903	 2036.000000
  602.892475	 2033.000000
  603.049043	 2031.000000
  603.205609	 2029.000000
  603.362173	 2027.000000
  603.518733	 2021.000000
  603.675291	 2014.000000
  603.831846	 2008.000000
  603.988399	 1999.000000
  604.144949	 1991.000000
  604.301496	 1984.000000
  604.458041	 1979.000000
  604.614583	 1977.000000
  604.771122	 1974.000000
  604.927659	 1971.000000
  605.084192	 1970.000000
  605.240724	 1968.000000
  605.397252	 1964.000000
  605.553778	 1953.000000
  605.710301	 1944.000000
  605.866821	 1935.000000
  606.023339	 1927.000000
  606.179854	 1920.000000
  606.336367	 1920.000000
  606.492876	 1914.000000
  606.649383	 1915.000000
  606.805888	 1914.000000
  606.962389	 1911.000000
  607.118888	 1906.000000
  607.275384	 1902.000000
  607.431878	 1893.000000
  607.588369	 1882.000000
  607.744857	 1873.000000
  607.901342	 1865.000000
  608.057825	 1861.000000
  608.214305	 1858.000000
  608.370782	 1855.000000
  608.527257	 1852.000000
  608.683728	 1851.000000
  608.840198	 1846.000000
  608.996664	 1841.000000
  609.153128	 1834.000000
  609.309589	 1826.000000
  609.466047	 1820.000000
  609.622503	 1812.000000
  609.778955	 1804.000000
  609.935406	 1800.000000
  610.091853	 1796.000000
  610.248298	 1795.000000
  610.404740	 1793.000000
  610.561179	 1789.000000
  610.717615	 1787.000000
  610.874049	 1785.000000
  611.030480	 1781.000000
  611.186909	 1776.000000
  611.343334	 1770.000000
  611.499757	 1765.000000
  611.656177	 1761.000000
  611.812595	 1756.000000
  611.969009	 1752.000000
  612.125421	 1751.000000
  612.281831	 1749.000000
  612.438237	 1748.000000
  612.594641	 1748.000000
  612.751042	 1745.000000
  612.907440	 1744.000000
  613.063836	 1741.000000
  613.220228	 1736.000000
  613.376618	 1730.000000
  613.533006	 1724.000000
  613.689390	 1719.000000
  613.845772	 1713.000000
  614.002151	 1710.000000
  614.158527	 1709.000000
  614.314901	 1707.000000
  614.471272	 1710.000000
  614.627640	 1708.000000
  614.784005	 1705.000000
  614.940367	 1702.000000
  615.096727	 1698.000000
  615.253084	 1691.000000
  615.409438	 1684.000000
  615.565790	 1678.000000
  615.722139	 1674.000000
  615.878485	 1670.000000
  616.034828	 1669.000000
  616.191168	 1668.000000
  616.347506	 1668.000000
  616.503841	 1667.000000
  616.660173	 1666.000000
  616.816502	 1666.000000
  616.972829	 1655.000000
  617.129153	 1648.000000
  617.285474	 1641.000000
  617.441792	 1634.000000
  617.598107	 1630.000000
  617.754420	 1624.000000
  617.910730	 1621.000000
  618.067037	 1621.000000
  618.223341	 1619.000000
  618.379643	 1618.000000
  618.535942	 1615.000000
  618.692238	 1611.000000
  618.848531	 1605.000000
  619.004821	 1603.000000
  619.161109	 1593.000000
  619.317394	 1588.000000
  619.473676	 1584.000000
  619.629955	 1581.000000
  619.786232	 1579.000000
  619.942505	 1575.000000
  620.098776	 1574.000000
  620.255044	 1573.000000
  620.411310	 1572.000000
  620.567572	 1570.000000
  620.723832	 1568.000000
  620.880089	 1566.000000
  621.036343	 1563.000000
  621.192594	 1560.000000
  621.348843	 1555.000000
  621.505088	 1552.000000
  621.661331	 1550.000000
  621.817571	 1548.000000
  621.973809	 1546.000000
  622.130043	 1546.000000
  622.286275	 1547.000000
  622.442503	 1547.000000
  622.598729	 1548.000000
  622.754953	 1547.000000
  622.911173	 1545.000000
  623.067391	 1543.000000
  623.223605	 1539.000000
  623.379817	 1538.000000
  623.536026	 1530.000000
  623.692233	 1528.000000
  623.848436	 1526.000000
  624.004637	 1528.000000
  624.160834	 1528.000000
  624.317029	 1529.000000
  624.473222	 1531.000000
  624.629411	 1533.000000
  624.785597	 1531.000000
  624.941781	 1529.000000
  625.097962	 1525.000000
  625.254140	 1521.000000
  625.410315	 1516.000000
  625.566487	 1513.000000
  625.722657	 1511.000000
  625.878823	 1510.000000
  626.034987	 1511.000000
  626.191148	 1514.000000
  626.347306	 1515.000000
  626.503462	 1515.000000
  626.659614	 1515.000000
  626.815764	 1512.000000
  626.971910	 1507.000000
  627.128054	 1502.000000
  627.284195	 1496.000000
  627.440333	 1493.000000
  627.596469	 1489.000000
  627.752601	 1487.000000
  627.908731	 1486.000000
  628.064858	 1485.000000
  628.220981	 1484.000000
  628.377103	 1485.000000
  628.533221	 1486.000000
  628.689336	 1479.000000
  628.845449	 1474.000000
  629.001558	 1470.000000
  629.157665	 1464.000000
  629.313769	 1458.000000
  629.469870	 1454.000000
  629.625968	 1450.000000
  629.782063	 1447.000000
  629.938156	 1448.000000
  630.094245	 1442.000000
  630.250332	 1440.000000
  630.406416	 1438.000000
  630.562497	 1435.000000
  630.718575	 1432.000000
  630.874650	 1429.000000
  631.030722	 1423.000000
  631.186791	 1419.000000
  631.342858	 1413.000000
  631.498922	 1406.000000
  631.654982	 1400.000000
  631.811040	 1395.000000
  631.967095	 1390.000000
  632.123147	 1387.000000
  632.279197	 1383.000000
  632.435243	 1381.000000
  632.591286	 1379.000000
  632.747327	 1377.000000
  632.903365	 1374.000000
  633.059399	 1369.000000
  633.215431	 1364.000000
  633.371460	 1358.000000
  633.527486	 1351.000000
  633.683510	 1345.000000
  633.839530	 1340.000000
  633.995547	 1336.000000
  634.151562	 1333.000000
  634.307573	 1332.000000
  634.463582	 1331.000000
  634.619588	 1331.000000
  634.775591	 1329.000000
  634.931591	 1327.000000
  635.087588	 1324.000000
  635.243582	 1320.000000
  635.399573	 1313.000000
  635.555562	 1307.000000
  635.711547	 1302.000000
  635.867529	 1297.000000
  636.023509	 1293.000000
  636.179486	 1292.000000
  636.335459	 1291.000000
  636.491430	 1290.000000
  636.647398	 1290.000000
  636.803363	 1288.000000
  636.959325	 1285.000000
  637.115284	 1280.000000
  637.271241	 1276.000000
  637.427194	 1271.000000
  637.583144	 1265.000000
  637.739092	 1260.000000
  637.895036	 1256.000000
  638.050978	 1253.000000
  638.206917	 1257.000000
  638.362852	 1251.000000
  638.518785	 1250.000000
  638.674715	 1248.000000
  638.830642	 1247.000000
  638.986566	 1245.000000
  639.142487	 1242.000000
  639.298405	 1238.000000
  639.454320	 1234.000000
  639.610232	 1230.000000
  639.766142	 1226.000000
  639.922048	 1222.000000
  640.077951	 1220.000000
  640.233852	 1218.000000
  640.389749	 1216.000000
  640.545644	 1213.000000
  640.701535	 1211.000000
  640.857424	 1210.000000
  641.013310	 1207.000000
  641.169192	 1205.000000
  641.325072	 1202.000000
  641.480949	 1199.000000
  641.636823	 1194.000000
  641.792694	 1190.000000
  641.948562	 1186.000000
  642.104427	 1182.000000
  642.260289	 1179.000000
  642.416148	 1175.000000
  642.572004	 1173.000000
  642.727857	 1171.000000
  642.883707	 1169.000000
  643.039554	 1167.000000
  643.195399	 1165.000000
  643.351240	 1163.000000
  643.507078	 1159.000000
  643.662914	 1156.000000
  643.818746	 1150.000000
  643.974575	 1144.000000
  644.130402	 1138.000000
  644.286225	 1134.000000
  644.442045	 1127.000000
  644.597863	 1123.000000
  644.753677	 1121.000000
  644.909489	 1119.000000
  645.065297	 1117.000000
  645.221103	 1115.000000
  645.376905	 1112.000000
  645.532705	 1108.000000
  645.688502	 1102.000000
  645.844295	 1096.000000
  646.000086	 1089.000000
  646.155873	 1082.000000
  646.311658	 1075.000000
  646.467440	 1069.000000
  646.623218	 1065.000000
  646.778994	 1061.000000
  646.934766	 1058.000000
  647.090536	 1055.000000
  647.246303	 1051.000000
  647.402066	 1047.000000
  647.557827	 1042.000000
  647.713585	 1037.000000
  647.869339	 1029.000000
  648.025091	 1020.000000
  648.180839	 1012.000000
  648.336585	 1007.000000
  648.492328	  998.000000
  648.648067	  993.000000
  648.803804	  987.000000
  648.959537	  983.000000
  649.115268	  979.000000
  649.270995	  975.000000
  649.426720	  971.000000
  649.582441	  966.000000
  649.738160	  961.000000
  649.893875	  955.000000
  650.049588	  948.000000
  650.205297	  942.000000
  650.361004	  936.000000
  650.516707	  929.000000
  650.672407	  925.000000
  650.828105	  919.000000
  650.983799	  915.000000
  651.139490	  911.000000
  651.295178	  908.000000
  651.450864	  905.000000
  651.606546	  902.000000
  651.762225	  899.000000
  651.917901	  895.000000
  652.073574	  890.000000
  652.229244	  885.000000
  652.384911	  881.000000
  652.540575	  876.000000
  652.696236	  871.000000
  652.851894	  865.000000
  653.007549	  861.000000
  653.163201	  857.000000
  653.318849	  853.000000
  653.474495	  850.000000
  653.630138	  850.000000
  653.785777	  846.000000
  653.941414	  844.000000
  654.097047	  842.000000
  654.252678	  839.000000
  654.408305	  836.000000
  654.563929	  831.000000
  654.719551	  827.000000
  654.875169	  823.000000
  655.030784	  818.000000
  655.186396	  814.000000
  655.342005	  810.000000
  655.497611	  808.000000
  655.653214	  806.000000
  655.808814	  805.000000
  655.964411	  804.000000
  656.120005	  803.000000
  656.275595	  801.000000
  656.431183	  798.000000
  656.586768	  793.000000
  656.742349	  790.000000
  656.897927	  785.000000
  657.053503	  780.000000
  657.209075	  776.000000
  657.364644	  773.000000
  657.520210	  770.000000
  657.675773	  767.000000
  657.831333	  766.000000
  657.986890	  765.000000
  658.142444	  765.000000
  658.297995	  767.000000
  658.453542	  762.000000
  658.609087	  760.000000
  658.764628	  757.000000
  658.920167	  754.000000
  659.075702	  750.000000
  659.231234	  746.000000
  659.386763	  743.000000
  659.542289	  742.000000
  659.697812	  738.000000
  659.853332	  737.000000
  660.008849	  736.000000
  660.164362	  734.000000
  660.319873	  733.000000
  660.475380	  731.000000
  660.630884	  730.000000
  660.786386	  727.000000
  660.941884	  725.000000
  661.097379	  721.000000
  661.252871	  717.000000
  661.408360	  713.000000
  661.563845	  710.000000
  661.719328	  707.000000
  661.874807	  704.000000
  662.030284	  701.000000
  662.185757	  699.000000
  662.341227	  697.000000
  662.496694	  695.000000
  662.652158	  693.000000
  662.807619	  691.000000
  662.963077	  690.000000
  663.118531	  690.000000
  663.273983	  684.000000
  663.429431	  681.000000
  663.584876	  677.000000
  663.740318	  674.000000
  663.895757	  670.000000
  664.051193	  666.000000
  664.206626	  662.000000
  664.362056	  659.000000
  664.517482	  656.000000
  664.672905	  655.000000
  664.828326	  654.000000
  664.983743	  652.000000
  665.139157	  650.000000
  665.294568	  648.000000
  665.449975	  646.000000
  665.605380	  644.000000
  665.760781	  640.000000
  665.916179	  637.000000
  666.071575	  633.000000
  666.226967	  629.000000
  666.382355	  626.000000
  666.537741	  623.000000
  666.693124	  621.000000
  666.848503	  620.000000
  667.003879	  619.000000
  667.159252	  618.000000
  667.314622	  618.000000
  667.469989	  617.000000
  667.625353	  616.000000
  667.780713	  614.000000
  667.936071	  611.000000
  668.091425	  609.000000
  668.246776	  605.000000
  668.402124	  602.000000
  668.557469	  599.000000
  668.712810	  597.000000
  668.868149	  595.000000
  669.023484	  594.000000
  669.178816	  593.000000
  669.334145	  593.000000
  669.489471	  593.000000
  669.644793	  593.000000
  669.800113	  591.000000
  669.955429	  589.000000
  670.110742	  588.000000
  670.266052	  585.000000
  670.421359	  582.000000
  670.576662	  580.000000
  670.731963	  577.000000
  670.887260	  575.000000
  671.042554	  575.000000
  671.197845	  573.000000
  671.353132	  572.000000
  671.508417	  571.000000
  671.663698	  572.000000
  671.818976	  570.000000
  671.974251	  569.000000
  672.129523	  568.000000
  672.284792	  566.000000
  672.440057	  565.000000
  672.595319	  563.000000
  672.750578	  560.000000
  672.905834	  559.000000
  673.061087	  556.000000
  673.216336	  555.000000
  673.371582	  553.000000
  673.526825	  552.000000
  673.682065	  551.000000
  673.837302	  550.000000
  673.992535	  549.000000
  674.147766	  548.000000
  674.302993	  548.000000
  674.458217	  546.000000
  674.613437	  546.000000
  674.768655	  544.000000
  674.923869	  543.000000
  675.079080	  539.000000
  675.234288	  537.000000
  675.389492	  536.000000
  675.544694	  533.000000
  675.699892	  531.000000
  675.855087	  529.000000
  676.010279	  527.000000
  676.165467	  526.000000
  676.320653	  526.000000
  676.475835	  525.000000
  676.631014	  524.000000
  676.786189	  523.000000
  676.941362	  522.000000
  677.096531	  520.000000
  677.251697	  519.000000
  677.406860	  516.000000
  677.562019	  514.000000
  677.717176	  510.000000
  677.872329	  506.000000
  678.027479	  505.000000
  678.182625	  502.000000
  678.337769	  500.000000
  678.492909	  499.000000
  678.648046	  498.000000
  678.803180	  497.000000
  678.958310	  496.000000
  679.113438	  494.000000
  679.268562	  493.000000
  679.423682	  490.000000
  679.578800	  487.000000
  679.733914	  485.000000
  679.889025	  481.000000
  680.044133	  478.000000
  680.199238	  475.000000
  680.354339	  471.000000
  680.509437	  469.000000
  680.664532	  467.000000
  680.819623	  465.000000
  680.974712	  464.000000
  681.129797	  464.000000
  681.284879	  461.000000
  681.439957	  460.000000
  681.595032	  459.000000
  681.750104	  456.000000
  681.905173	  453.000000
  682.060239	  451.000000
  682.215301	  447.000000
  682.370360	  445.000000
  682.525416	  442.000000
  682.680468	  439.000000
  682.835517	  437.000000
  682.990563	  435.000000
  683.145606	  434.000000
  683.300646	  433.000000
  683.455682	  432.000000
  683.610715	  431.000000
  683.765744	  430.000000
  683.920771	  428.000000
  684.075794	  427.000000
  684.230813	  424.000000
  684.385830	  423.000000
  684.540843	  421.000000
  684.695853	  418.000000
  684.850860	  416.000000
  685.005863	  414.000000
  685.160863	  412.000000
  685.315860	  411.000000
  685.470854	  409.000000
  685.625844	  408.000000
  685.780831	  407.000000
  685.935815	  406.000000
  686.090795	  406.000000
  686.245772	  404.000000
  686.400746	  403.000000
  686.555716	  403.000000
  686.710684	  402.000000
  686.865648	  401.000000
  687.020608	  399.000000
  687.175566	  397.000000
  687.330520	  395.000000
  687.485470	  393.000000
  687.640418	  392.000000
  687.795362	  391.000000
  687.950303	  390.000000
  688.105240	  389.000000
  688.260175	  389.000000
  688.415106	  388.000000
  688.570033	  388.000000
  688.724958	  388.000000
  688.879879	  387.000000
  689.034796	  386.000000
  689.189711	  385.000000
  689.344622	  383.000000
  689.499530	  382.000000
  689.654434	  380.000000
  689.809335	  378.000000
  689.964233	  376.000000
  690.119127	  374.000000
  690.274019	  373.000000
  690.428906	  373.000000
  690.583791	  373.000000
  690.738672	  372.000000
  690.893550	  371.000000
  691.048425	  371.000000
  691.203296	  370.000000
  691.358164	  370.000000
  691.513028	  369.000000
  691.667890	  369.000000
  691.822748	  367.000000
  691.977602	  365.000000
  692.132453	  363.000000
  692.287301	  361.000000
  692.442146	  360.000000
  692.596987	  358.000000
  692.751825	  357.000000
  692.906660	  357.000000
  693.061491	  357.000000
  693.216319	  356.000000
  693.371143	  356.000000
  693.525965	  355.000000
  693.680782	  354.000000
  693.835597	  353.000000
  693.990408	  352.000000
  694.145216	  350.000000
  694.300020	  348.000000
  694.454821	  346.000000
  694.609619	  344.000000
  694.764414	  344.000000
  694.919205	  341.000000
  695.073992	  341.000000
  695.228777	  339.000000
  695.383558	  337.000000
  695.538335	  337.000000
  695.693110	  337.000000
  695.847881	  336.000000
  696.002648	  335.000000
  696.157412	  333.000000
  696.312173	  333.000000
  696.466931	  331.000000
  696.621685	  330.000000
  696.776435	  329.000000
  696.931183	  327.000000
  697.085927	  325.000000
  697.240667	  323.000000
  697.395405	  321.000000
  697.550138	  319.000000
  697.704869	  318.000000
  697.859596	  316.000000
  698.014320	  315.000000
  698.169040	  314.000000
  698.323757	  313.000000
  698.478471	  311.000000
  698.633181	  312.000000
  698.787888	  310.000000
  698.942591	  310.000000
  699.097291	  308.000000
  699.251988	  307.000000
  699.406681	  306.000000
  699.561371	  304.000000
  699.716058	  302.000000
  699.870741	  300.000000
  700.025421	  298.000000
  700.180097	  297.000000
  700.334770	  295.000000
  700.489439	  294.000000
  700.644106	  294.000000
  700.798768	  292.000000
  700.953428	  292.000000
  701.108084	  291.000000
  701.262736	  292.000000
  701.417385	  290.000000
  701.572031	  289.000000
  701.726674	  289.000000
  701.881313	  286.000000
  702.035948	  283.000000
  702.190580	  282.000000
  702.345209	  280.000000
  702.499834	  278.000000
  702.654456	  279.000000
  702.809075	  276.000000
  702.963690	  275.000000
  703.118301	  275.000000
  703.272910	  274.000000
  703.427514	  273.000000
  703.582116	  272.000000
  703.736714	  272.000000
  703.891308	  271.000000
  704.045900	  270.000000
  704.200487	  269.000000
  704.355072	  267.000000
  704.509653	  266.000000
  704.664230	  264.000000
  704.818804	  263.000000
  704.973375	  261.000000
  705.127942	  259.000000
  705.282506	  258.000000
  705.437066	  258.000000
  705.591623	  258.000000
  705.746176	  257.000000
  705.900726	  256.000000
  706.055273	  256.000000
  706.209816	  255.000000
  706.364356	  254.000000
  706.518892	  254.000000
  706.673425	  252.000000
  706.827954	  252.000000
  706.982480	  250.000000
  707.137003	  249.000000
  707.291522	  248.000000
  707.446037	  246.000000
  707.600549	  245.000000
  707.755058	  245.000000
  707.909563	  244.000000
  708.064065	  243.000000
  708.218564	  242.000000
  708.373058	  242.000000
  708.527550	  242.000000
  708.682038	  241.000000
  708.836522	  240.000000
  708.991004	  240.000000
  709.145481	  240.000000
  709.299955	  238.000000
  709.454426	  237.000000
  709.608893	  236.000000
  709.763357	  235.000000
  709.917817	  235.000000
  710.072274	  233.000000
  710.226728	  232.000000
  710.381177	  231.000000
  710.535624	  230.000000
  710.690067	  229.000000
  710.844506	  229.000000
  710.998942	  228.000000
  711.153375	  228.000000
  711.307804	  227.000000
  711.462230	  227.000000
  711.616652	  226.000000
  711.771070	  226.000000
  711.925486	  225.000000
  712.079897	  224.000000
  712.234306	  222.000000
  712.388710	  221.000000
  712.543111	  221.000000
  712.697509	  220.000000
  712.851904	  218.000000
  713.006294	  217.000000
  713.160682	  216.000000
  713.315065	  216.000000
  713.469446	  215.000000
  713.623823	  213.000000
  713.778196	  215.000000
  713.932566	  214.000000
  714.086932	  213.000000
  714.241295	  212.000000
  714.395654	  211.000000
  714.550010	  210.000000
  714.704362	  209.000000
  714.858711	  208.000000
  715.013057	  207.000000
  715.167399	  205.000000
  715.321737	  204.000000
  715.476072	  203.000000
  715.630403	  201.000000
  715.784731	  201.000000
  715.939055	  199.000000
  716.093376	  199.000000
  716.247693	  199.000000
  716.402007	  198.000000
  716.556317	  197.000000
  716.710624	  197.000000
  716.864927	  196.000000
  717.019227	  195.000000
  717.173523	  194.000000
  717.327816	  193.000000
  717.482105	  191.000000
  717.636391	  189.000000
  717.790673	  188.000000
  717.944951	  188.000000
  718.099227	  186.000000
  718.253498	  186.000000
  718.407766	  184.000000
  718.562031	  183.000000
  718.716292	  183.000000
  718.870549	  182.000000
  719.024803	  181.000000
  719.179053	  182.000000
  719.333300	  180.000000
