  486.777800	   17.000000
  486.935997	   17.000000
  487.094192	   18.000000
  487.252385	   19.000000
  487.410576	   19.000000
  487.568766	   20.000000
  487.726954	   21.000000
  487.885140	   20.000000
  488.043324	   22.000000
  488.201506	   22.000000
  488.359687	   22.000000
  488.517865	   24.000000
  488.676042	   24.000000
  488.834217	   25.000000
  488.992391	   25.000000
  489.150562	   26.000000
  489.308732	   27.000000
  489.466899	   27.000000
  489.625065	   28.000000
  489.783229	   29.000000
  489.941392	   29.000000
  490.099552	   31.000000
  490.257711	   31.000000
  490.415867	   32.000000
  490.574022	   33.000000
  490.732176	   34.000000
  490.890327	   35.000000
  491.048476	   36.000000
  491.206624	   36.000000
  491.364770	   37.000000
  491.522913	   39.000000
  491.681055	   39.000000
  491.839196	   39.000000
  491.997334	   40.000000
  492.155471	   42.000000
  492.313605	   43.000000
  492.471738	   44.000000
  492.629869	   44.000000
  492.787998	   46.000000
  492.946125	   46.000000
  493.104251	   48.000000
  493.262374	   49.000000
  493.420496	   50.000000
  493.578616	   51.000000
  493.736734	   53.000000
  493.894850	   54.000000
  494.052964	   55.000000
  494.211077	   57.000000
  494.369187	   58.000000
  494.527296	   60.000000
  494.685403	   61.000000
  494.843508	   61.000000
  495.001611	   64.000000
  495.159712	   65.000000
  495.317811	   66.000000
  495.475909	   68.000000
  495.634004	   69.000000
  495.792098	   71.000000
  495.950190	   72.000000
  496.108280	   74.000000
  496.266368	   75.000000
  496.424454	   76.000000
  496.582538	   78.000000
  496.740621	   79.000000
  496.898701	   81.000000
  497.056780	   84.000000
  497.214857	   86.000000
  497.372931	   87.000000
  497.531004	   89.000000
  497.689076	   92.000000
  497.847145	   94.000000
  498.005212	   95.000000
  498.163277	   98.000000
  498.321341	  100.000000
  498.479403	  102.000000
  498.637462	  105.000000
  498.795520	  107.000000
  498.953576	  108.000000
  499.111630	  111.000000
  499.269682	  114.000000
  499.427733	  116.000000
  499.585781	  118.000000
  499.743827	  120.000000
  499.901872	  122.000000
  500.059914	  124.000000
  500.217955	  127.000000
  500.375994	  128.000000
  500.534031	  130.000000
  500.692066	  133.000000
  500.850099	  135.000000
  501.008130	  138.000000
  501.166159	  140.000000
  501.324186	  143.000000
  501.482212	  146.000000
  501.640235	  149.000000
  501.798257	  152.000000
  501.956276	  155.000000
  502.114294	  158.000000
  502.272310	  161.000000
  502.430324	  164.000000
  502.588336	  166.000000
  502.746346	  169.000000
  502.904354	  173.000000
  503.062360	  176.000000
  503.220364	  180.000000
  503.378366	  183.000000
  503.536367	  187.000000
  503.694365	  190.000000
  503.852362	  193.000000
  504.010356	  197.000000
  504.168349	  200.000000
  504.326339	  203.000000
  504.484328	  206.000000
  504.642315	  211.000000
  504.800300	  214.000000
  504.958282	  218.000000
  505.116263	  222.000000
  505.274242	  225.000000
  505.432219	  228.000000
  505.590194	  232.000000
  505.748167	  237.000000
  505.906139	  241.000000
  506.064108	  246.000000
  506.222075	  251.000000
  506.380040	  255.000000
  506.538004	  260.000000
  506.695965	  265.000000
  506.853925	  270.000000
  507.011882	  276.000000
  507.169838	  281.000000
  507.327791	  286.000000
  507.485743	  291.000000
  507.643692	  295.000000
  507.801640	  302.000000
  507.959586	  307.000000
  508.117529	  312.000000
  508.275471	  317.000000
  508.433411	  322.000000
  508.591349	  326.000000
  508.749284	  331.000000
  508.907218	  336.000000
  509.065150	  342.000000
  509.223080	  346.000000
  509.381008	  352.000000
  509.538934	  357.000000
  509.696858	  361.000000
  509.854780	  366.000000
  510.012700	  371.000000
  510.170618	  376.000000
  510.328534	  382.000000
  510.486448	  387.000000
  510.644360	  392.000000
  510.802270	  398.000000
  510.960178	  404.000000
  511.118084	  411.000000
  511.275988	  417.000000
  511.433890	  422.000000
  511.591790	  428.000000
  511.749688	  436.000000
  511.907584	  441.000000
  512.065478	  448.000000
  512.223370	  454.000000
  512.381260	  460.000000
  512.539148	  466.000000
  512.697035	  473.000000
  512.854919	  479.000000
  513.012801	  487.000000
  513.170681	  492.000000
  513.328559	  499.000000
  513.486435	  506.000000
  513.644309	  513.000000
  513.802181	  518.000000
  513.960051	  524.000000
  514.117919	  532.000000
  514.275785	  537.000000
  514.433649	  544.000000
  514.591510	  552.000000
  514.749370	  559.000000
  514.907228	  565.000000
  515.065084	  574.000000
  515.222938	  579.000000
  515.380790	  587.000000
  515.538639	  595.000000
  515.696487	  604.000000
  515.854333	  612.000000
  516.012177	  622.000000
  516.170018	  633.000000
  516.327858	  642.000000
  516.485695	  651.000000
  516.643531	  661.000000
  516.801365	  668.000000
  516.959196	  680.000000
  517.117025	  688.000000
  517.274853	  697.000000
  517.432678	  706.000000
  517.590502	  717.000000
  517.748323	  726.000000
  517.906142	  737.000000
  518.063959	  748.000000
  518.221774	  757.000000
  518.379587	  766.000000
  518.537399	  776.000000
  518.695208	  783.000000
  518.853014	  792.000000
  519.010819	  802.000000
  519.168622	  811.000000
  519.326423	  820.000000
  519.484222	  830.000000
  519.642018	  839.000000
  519.799813	  849.000000
  519.957606	  858.000000
  520.115396	  870.000000
  520.273184	  876.000000
  520.430971	  887.000000
  520.588755	  896.000000
  520.746537	  903.000000
  520.904317	  913.000000
  521.062096	  922.000000
  521.219872	  931.000000
  521.377646	  942.000000
  521.535417	  953.000000
  521.693187	  962.000000
  521.850955	  972.000000
  522.008721	  982.000000
  522.166484	  991.000000
  522.324246	 1002.000000
  522.482005	 1013.000000
  522.639762	 1022.000000
  522.797518	 1030.000000
  522.955271	 1041.000000
  523.113022	 1051.000000
  523.270771	 1060.000000
  523.428518	 1072.000000
  523.586263	 1077.000000
  523.744005	 1086.000000
  523.901746	 1096.000000
  524.059485	 1107.000000
  524.217221	 1117.000000
  524.374956	 1126.000000
  524.532688	 1134.000000
  524.690418	 1143.000000
  524.848146	 1150.000000
  525.005872	 1160.000000
  525.163596	 1169.000000
  525.321318	 1177.000000
  525.479037	 1188.000000
  525.636755	 1197.000000
  525.794470	 1206.000000
  525.952184	 1217.000000
  526.109895	 1226.000000
  526.267604	 1235.000000
  526.425311	 1248.000000
  526.583016	 1259.000000
  526.740719	 1268.000000
  526.898420	 1280.000000
  527.056118	 1292.000000
  527.213815	 1302.000000
  527.371509	 1315.000000
  527.529201	 1329.000000
  527.686892	 1339.000000
  527.844580	 1352.000000
  528.002265	 1366.000000
  528.159949	 1376.000000
  528.317631	 1386.000000
  528.475310	 1400.000000
  528.632988	 1409.000000
  528.790663	 1420.000000
  528.948336	 1436.000000
  529.106007	 1447.000000
  529.263676	 1457.000000
  529.421343	 1470.000000
  529.579007	 1483.000000
  529.736670	 1493.000000
  529.894330	 1505.000000
  530.051988	 1515.000000
  530.209644	 1523.000000
  530.367298	 1535.000000
  530.524950	 1547.000000
  530.682600	 1557.000000
  530.840247	 1566.000000
  530.997893	 1576.000000
  531.155536	 1584.000000
  531.313177	 1591.000000
  531.470816	 1602.000000
  531.628452	 1612.000000
  531.786087	 1620.000000
  531.943719	 1630.000000
  532.101350	 1640.000000
  532.258978	 1648.000000
  532.416604	 1659.000000
  532.574228	 1669.000000
  532.731849	 1678.000000
  532.889469	 1687.000000
  533.047086	 1701.000000
  533.204701	 1712.000000
  533.362315	 1719.000000
  533.519925	 1731.000000
  533.677534	 1742.000000
  533.835141	 1749.000000
  533.992745	 1761.000000
  534.150347	 1773.000000
  534.307947	 1784.000000
  534.465545	 1795.000000
  534.623141	 1810.000000
  534.780734	 1826.000000
  534.938326	 1831.000000
  535.095915	 1841.000000
  535.253502	 1849.000000
  535.411087	 1857.000000
  535.568669	 1870.000000
  535.726250	 1885.000000
  535.883828	 1891.000000
  536.041404	 1901.000000
  536.198978	 1916.000000
  536.356550	 1928.000000
  536.514119	 1938.000000
  536.671687	 1952.000000
  536.829252	 1962.000000
  536.986815	 1970.000000
  537.144375	 1982.000000
  537.301934	 1992.000000
  537.459490	 1998.000000
  537.617045	 2015.000000
  537.774597	 2025.000000
  537.932146	 2036.000000
  538.089694	 2043.000000
  538.247239	 2058.000000
  538.404783	 2071.000000
  538.562324	 2081.000000
  538.719862	 2091.000000
  538.877399	 2105.000000
  539.034933	 2115.000000
  539.192465	 2127.000000
  539.349995	 2142.000000
  539.507523	 2151.000000
  539.665049	 2161.000000
  539.822572	 2185.000000
  539.980093	 2193.000000
  540.137612	 2202.000000
  540.295129	 2215.000000
  540.452643	 2231.000000
  540.610156	 2247.000000
  540.767666	 2249.000000
  540.925173	 2265.000000
  541.082679	 2279.000000
  541.240182	 2289.000000
  541.397684	 2300.000000
  541.555182	 2313.000000
  541.712679	 2320.000000
  541.870174	 2325.000000
  542.027666	 2338.000000
  542.185156	 2345.000000
  542.342644	 2352.000000
  542.500129	 2363.000000
  542.657613	 2374.000000
  542.815094	 2378.000000
  542.972572	 2388.000000
  543.130049	 2396.000000
  543.287523	 2396.000000
  543.444996	 2397.000000
  543.602465	 2404.000000
  543.759933	 2410.000000
  543.917398	 2413.000000
  544.074862	 2423.000000
  544.232323	 2429.000000
  544.389781	 2431.000000
  544.547238	 2437.000000
  544.704692	 2443.000000
  544.862144	 2448.000000
  545.019593	 2448.000000
  545.177041	 2455.000000
  545.334486	 2463.000000
  545.491929	 2469.000000
  545.649370	 2479.000000
  545.806808	 2489.000000
  545.964244	 2493.000000
  546.121678	 2496.000000
  546.279110	 2506.000000
  546.436539	 2515.000000
  546.593966	 2519.000000
  546.751391	 2528.000000
  546.908813	 2546.000000
  547.066234	 2550.000000
  547.223652	 2561.000000
  547.381067	 2577.000000
  547.538481	 2584.000000
  547.695892	 2590.000000
  547.853301	 2606.000000
  548.010708	 2622.000000
  548.168112	 2631.000000
  548.325514	 2642.000000
  548.482914	 2657.000000
  548.640312	 2668.000000
  548.797707	 2674.000000
  548.955100	 2689.000000
  549.112491	 2704.000000
  549.269879	 2717.000000
  549.427265	 2727.000000
  549.584649	 2746.000000
  549.742031	 2757.000000
  549.899410	 2764.000000
  550.056787	 2778.000000
  550.214162	 2790.000000
  550.371534	 2798.000000
  550.528904	 2810.000000
  550.686272	 2830.000000
  550.843637	 2841.000000
  551.001001	 2845.000000
  551.158362	 2856.000000
  551.315720	 2864.000000
  551.473077	 2870.000000
  551.630431	 2874.000000
  551.787782	 2886.000000
  551.945132	 2892.000000
  552.102479	 2897.000000
  552.259824	 2911.000000
  552.417166	 2913.000000
  552.574506	 2914.000000
  552.731844	 2921.000000
  552.889180	 2930.000000
  553.046513	 2939.000000
  553.203844	 2934.000000
  553.361173	 2937.000000
  553.518499	 2949.000000
  553.675823	 2949.000000
  553.833145	 2952.000000
  553.990464	 2965.000000
  554.147781	 2969.000000
  554.305096	 2969.000000
  554.462408	 2975.000000
  554.619718	 2985.000000
  554.777026	 2987.000000
  554.934331	 2989.000000
  555.091634	 2998.000000
  555.248935	 3009.000000
  555.406234	 3011.000000
  555.563530	 3015.000000
  555.720823	 3025.000000
  555.878115	 3031.000000
  556.035404	 3030.000000
  556.192691	 3043.000000
  556.349975	 3053.000000
  556.507257	 3057.000000
  556.664537	 3061.000000
  556.821814	 3071.000000
  556.979089	 3076.000000
  557.136362	 3076.000000
  557.293632	 3086.000000
  557.450900	 3096.000000
  557.608166	 3102.000000
  557.765429	 3107.000000
  557.922690	 3118.000000
  558.079949	 3124.000000
  558.237205	 3126.000000
  558.394459	 3135.000000
  558.551711	 3146.000000
  558.708960	 3151.000000
  558.866207	 3150.000000
  559.023451	 3157.000000
  559.180693	 3163.000000
  559.337933	 3167.000000
  559.495171	 3172.000000
  559.652406	 3182.000000
  559.809638	 3191.000000
  559.966869	 3194.000000
  560.124097	 3201.000000
  560.281322	 3216.000000
  560.438545	 3211.000000
  560.595766	 3214.000000
  560.752985	 3218.000000
  560.910201	 3228.000000
  561.067414	 3229.000000
  561.224626	 3235.000000
  561.381835	 3247.000000
  561.539041	 3261.000000
  561.696246	 3255.000000
  561.853447	 3257.000000
  562.010647	 3264.000000
  562.167844	 3270.000000
  562.325039	 3270.000000
  562.482231	 3284.000000
  562.639421	 3294.000000
  562.796608	 3300.000000
  562.953794	 3300.000000
  563.110976	 3308.000000
  563.268157	 3312.000000
  563.425335	 3318.000000
  563.582510	 3314.000000
  563.739683	 3327.000000
  563.896854	 3328.000000
  564.054023	 3332.000000
  564.211189	 3341.000000
  564.368352	 3346.000000
  564.525513	 3339.000000
  564.682672	 3337.000000
  564.839829	 3343.000000
  564.996983	 3348.000000
  565.154134	 3347.000000
  565.311283	 3353.000000
  565.468430	 3356.000000
  565.625575	 3357.000000
  565.782716	 3356.000000
  565.939856	 3355.000000
  566.096993	 3359.000000
  566.254128	 3353.000000
  566.411260	 3353.000000
  566.568390	 3363.000000
  566.725518	 3364.000000
  566.882643	 3364.000000
  567.039765	 3368.000000
  567.196885	 3383.000000
  567.354003	 3376.000000
  567.511119	 3370.000000
  567.668232	 3379.000000
  567.825342	 3388.000000
  567.982450	 3391.000000
  568.139556	 3390.000000
  568.296659	 3397.000000
  568.453760	 3401.000000
  568.610858	 3401.000000
  568.767954	 3406.000000
  568.925048	 3411.000000
  569.082139	 3413.000000
  569.239227	 3408.000000
  569.396314	 3413.000000
  569.553397	 3422.000000
  569.710479	 3424.000000
  569.867558	 3423.000000
  570.024634	 3427.000000
  570.181708	 3429.000000
  570.338780	 3427.000000
  570.495849	 3426.000000
  570.652915	 3433.000000
  570.809980	 3440.000000
  570.967041	 3441.000000
  571.124101	 3444.000000
  571.281158	 3452.000000
  571.438212	 3454.000000
  571.595264	 3447.000000
  571.752314	 3450.000000
  571.909361	 3456.000000
  572.066405	 3462.000000
  572.223447	 3462.000000
  572.380487	 3470.000000
  572.537524	 3481.000000
  572.694559	 3486.000000
  572.851591	 3483.000000
  573.008621	 3490.000000
  573.165648	 3495.000000
  573.322673	 3495.000000
  573.479696	 3493.000000
  573.636716	 3500.000000
  573.793733	 3506.000000
  573.950748	 3506.000000
  574.107761	 3512.000000
  574.264771	 3520.000000
  574.421778	 3525.000000
  574.578784	 3520.000000
  574.735786	 3520.000000
  574.892786	 3529.000000
  575.049784	 3530.000000
  575.206779	 3522.000000
  575.363772	 3527.000000
  575.520762	 3528.000000
  575.677750	 3526.000000
  575.834735	 3521.000000
  575.991718	 3519.000000
  576.148698	 3520.000000
  576.305676	 3516.000000
  576.462651	 3514.000000
  576.619624	 3516.000000
  576.776595	 3521.000000
  576.933562	 3517.000000
  577.090528	 3507.000000
  577.247491	 3508.000000
  577.404451	 3510.000000
  577.561409	 3507.000000
  577.718364	 3509.000000
  577.875317	 3516.000000
  578.032267	 3514.000000
  578.189215	 3509.000000
  578.346160	 3509.000000
  578.503103	 3510.000000
  578.660043	 3509.000000
  578.816981	 3502.000000
  578.973917	 3501.000000
  579.130849	 3506.000000
  579.287780	 3509.000000
  579.444707	 3506.000000
  579.601633	 3506.000000
  579.758555	 3510.000000
  579.915476	 3507.000000
  580.072393	 3502.000000
  580.229308	 3501.000000
  580.386221	 3504.000000
  580.543131	 3504.000000
  580.700039	 3501.000000
  580.856944	 3504.000000
  581.013846	 3509.000000
  581.170746	 3505.000000
  581.327644	 3500.000000
  581.484539	 3505.000000
  581.641431	 3510.000000
  581.798321	 3511.000000
  581.955209	 3515.000000
  582.112094	 3510.000000
  582.268976	 3517.000000
  582.425856	 3515.000000
  582.582733	 3514.000000
  582.739608	 3515.000000
  582.896480	 3518.000000
  583.053349	 3523.000000
  583.210216	 3525.000000
  583.367081	 3530.000000
  583.523943	 3533.000000
  583.680802	 3532.000000
  583.837659	 3534.000000
  583.994514	 3544.000000
  584.151366	 3556.000000
  584.308215	 3555.000000
  584.465061	 3560.000000
  584.621906	 3557.000000
  584.778747	 3567.000000
  584.935586	 3563.000000
  585.092423	 3566.000000
  585.249257	 3573.000000
  585.406088	 3579.000000
  585.562917	 3573.000000
  585.719743	 3575.000000
  585.876567	 3586.000000
  586.033388	 3594.000000
  586.190206	 3600.000000
  586.347022	 3602.000000
  586.503836	 3609.000000
  586.660647	 3614.000000
  586.817455	 3605.000000
  586.974261	 3603.000000
  587.131064	 3611.000000
  587.287864	 3615.000000
  587.444662	 3612.000000
  587.601458	 3618.000000
  587.758251	 3623.000000
  587.915041	 3629.000000
  588.071829	 3626.000000
  588.228614	 3619.000000
  588.385396	 3623.000000
  588.542176	 3625.000000
  588.698954	 3622.000000
  588.855728	 3626.000000
  589.012501	 3634.000000
  589.169270	 3638.000000
  589.326037	 3634.000000
  589.482802	 3630.000000
  589.639564	 3630.000000
  589.796323	 3635.000000
  589.953079	 3627.000000
  590.109833	 3622.000000
  590.266585	 3642.000000
  590.423334	 3628.000000
  590.580080	 3625.000000
  590.736824	 3621.000000
  590.893565	 3626.000000
  591.050303	 3626.000000
  591.207039	 3622.000000
  591.363772	 3619.000000
  591.520503	 3618.000000
  591.677231	 3624.000000
  591.833957	 3616.000000
  591.990679	 3615.000000
  592.147400	 3621.000000
  592.304117	 3622.000000
  592.460832	 3619.000000
  592.617545	 3612.000000
  592.774254	 3611.000000
  592.930962	 3616.000000
  593.087666	 3616.000000
  593.244368	 3613.000000
  593.401067	 3617.000000
  593.557764	 3617.000000
  593.714458	 3618.000000
  593.871150	 3616.000000
  594.027838	 3619.000000
  594.184525	 3628.000000
  594.341208	 3630.000000
  594.497889	 3628.000000
  594.654567	 3628.000000
  594.811243	 3630.000000
  594.967916	 3638.000000
  595.124587	 3633.000000
  595.281254	 3641.000000
  595.437920	 3651.000000
  595.594582	 3657.000000
  595.751242	 3652.000000
  595.907899	 3653.000000
  596.064554	 3657.000000
  596.221206	 3663.000000
  596.377855	 3669.000000
  596.534502	 3666.000000
  596.691146	 3668.000000
  596.847787	 3669.000000
  597.004426	 3664.000000
  597.161062	 3660.000000
  597.317695	 3659.000000
  597.474326	 3660.000000
  597.630954	 3656.000000
  597.787580	 3651.000000
  597.944203	 3648.000000
  598.100823	 3644.000000
  598.257440	 3637.000000
  598.414055	 3634.000000
  598.570668	 3628.000000
  598.727277	 3628.000000
  598.883884	 3623.000000
  599.040488	 3614.000000
  599.197090	 3612.000000
  599.353689	 3606.000000
  599.510285	 3596.000000
  599.666879	 3586.000000
  599.823469	 3577.000000
  599.980058	 3576.000000
  600.136643	 3570.000000
  600.293226	 3558.000000
  600.449806	 3549.000000
  600.606384	 3539.000000
  600.762959	 3541.000000
  600.919531	 3530.000000
  601.076101	 3523.000000
  601.232667	 3518.000000
  601.389232	 3512.000000
  601.545793	 3501.000000
  601.702352	 3489.000000
  601.858908	 3482.000000
  602.015461	 3481.000000
  602.172012	 3472.000000
  602.328560	 3462.000000
  602.485106	 3455.000000
  602.641648	 3450.000000
  602.798188	 3445.000000
  602.954726	 3439.000000
  603.111260	 3432.000000
  603.267792	 3429.000000
  603.424321	 3427.000000
  603.580848	 3417.000000
  603.737372	 3409.000000
  603.893893	 3404.000000
  604.050411	 3404.000000
  604.206927	 3400.000000
  604.363440	 3396.000000
  604.519950	 3392.000000
  604.676458	 3390.000000
  604.832963	 3386.000000
  604.989465	 3384.000000
  605.145965	 3383.000000
  605.302461	 3385.000000
  605.458955	 3385.000000
  605.615447	 3383.000000
  605.771935	 3377.000000
  605.928421	 3379.000000
  606.084905	 3383.000000
  606.241385	 3378.000000
  606.397863	 3379.000000
  606.554338	 3379.000000
  606.710810	 3378.000000
  606.867280	 3379.000000
  607.023747	 3377.000000
  607.180211	 3377.000000
  607.336673	 3378.000000
  607.493131	 3375.000000
  607.649587	 3376.000000
  607.806041	 3377.000000
  607.962491	 3376.000000
  608.118939	 3375.000000
  608.275384	 3370.000000
  608.431826	 3371.000000
  608.588266	 3375.000000
  608.744703	 3378.000000
  608.901137	 3374.000000
  609.057569	 3371.000000
  609.213997	 3370.000000
  609.370423	 3370.000000
  609.526846	 3370.000000
  609.683267	 3365.000000
  609.839685	 3367.000000
  609.996100	 3374.000000
  610.152512	 3379.000000
  610.308921	 3380.000000
  610.465328	 3375.000000
  610.621732	 3377.000000
  610.778133	 3377.000000
  610.934532	 3373.000000
  611.090927	 3371.000000
  611.247320	 3371.000000
  611.403711	 3373.000000
  611.560098	 3368.000000
  611.716483	 3358.000000
  611.872865	 3353.000000
  612.029244	 3349.000000
  612.185620	 3345.000000
  612.341994	 3334.000000
  612.498365	 3323.000000
  612.654733	 3319.000000
  612.811098	 3309.000000
  612.967461	 3298.000000
  613.123821	 3285.000000
  613.280178	 3277.000000
  613.436532	 3274.000000
  613.592884	 3270.000000
  613.749232	 3255.000000
  613.905578	 3248.000000
  614.061922	 3245.000000
  614.218262	 3240.000000
  614.374600	 3227.000000
  614.530935	 3219.000000
  614.687267	 3209.000000
  614.843596	 3204.000000
  614.999923	 3197.000000
  615.156246	 3186.000000
  615.312567	 3181.000000
  615.468885	 3176.000000
  615.625201	 3164.000000
  615.781513	 3152.000000
  615.937823	 3141.000000
  616.094130	 3130.000000
  616.250434	 3125.000000
  616.406736	 3114.000000
  616.563034	 3101.000000
  616.719330	 3088.000000
  616.875623	 3077.000000
  617.031914	 3065.000000
  617.188201	 3052.000000
  617.344486	 3037.000000
  617.500768	 3027.000000
  617.657047	 3017.000000
  617.813323	 3004.000000
  617.969596	 2998.000000
  618.125867	 2988.000000
  618.282135	 2980.000000
  618.438400	 2969.000000
  618.594662	 2955.000000
  618.750921	 2946.000000
  618.907178	 2941.000000
  619.063432	 2936.000000
  619.219683	 2928.000000
  619.375931	 2920.000000
  619.532176	 2912.000000
  619.688419	 2913.000000
  619.844658	 2913.000000
  620.000895	 2905.000000
  620.157129	 2899.000000
  620.313361	 2896.000000
  620.469589	 2896.000000
  620.625815	 2892.000000
  620.782037	 2886.000000
  620.938257	 2882.000000
  621.094474	 2880.000000
  621.250689	 2876.000000
  621.406900	 2870.000000
  621.563109	 2863.000000
  621.719314	 2862.000000
  621.875517	 2853.000000
  622.031717	 2845.000000
  622.187915	 2839.000000
  622.344109	 2834.000000
  622.500301	 2831.000000
  622.656490	 2827.000000
  622.812675	 2820.000000
  622.968859	 2815.000000
  623.125039	 2812.000000
  623.281216	 2810.000000
  623.437391	 2803.000000
  623.593562	 2797.000000
  623.749731	 2795.000000
  623.905897	 2795.000000
  624.062060	 2801.000000
  624.218221	 2788.000000
  624.374378	 2784.000000
  624.530533	 2780.000000
  624.686684	 2778.000000
  624.842833	 2776.000000
  624.998979	 2764.000000
  625.155122	 2760.000000
  625.311263	 2761.000000
  625.467400	 2756.000000
  625.623535	 2750.000000
  625.779666	 2742.000000
  625.935795	 2733.000000
  626.091921	 2723.000000
  626.248044	 2723.000000
  626.404165	 2710.000000
  626.560282	 2703.000000
  626.716397	 2697.000000
  626.872508	 2689.000000
  627.028617	 2680.000000
  627.184723	 2667.000000
  627.340826	 2659.000000
  627.496926	 2655.000000
  627.653023	 2652.000000
  627.809118	 2649.000000
  627.965209	 2644.000000
  628.121298	 2638.000000
  628.277383	 2633.000000
  628.433466	 2625.000000
  628.589546	 2618.000000
  628.745623	 2612.000000
  628.901698	 2610.000000
  629.057769	 2599.000000
  629.213837	 2591.000000
  629.369903	 2590.000000
  629.525965	 2588.000000
  629.682025	 2584.000000
  629.838082	 2580.000000
  629.994136	 2575.000000
  630.150187	 2569.000000
  630.306235	 2565.000000
  630.462280	 2562.000000
  630.618323	 2562.000000
  630.774362	 2552.000000
  630.930399	 2550.000000
  631.086433	 2545.000000
  631.242463	 2540.000000
  631.398491	 2533.000000
  631.554516	 2524.000000
  631.710538	 2521.000000
  631.866557	 2517.000000
  632.022573	 2512.000000
  632.178587	 2507.000000
  632.334597	 2500.000000
  632.490605	 2497.000000
  632.646609	 2494.000000
  632.802611	 2488.000000
  632.958610	 2479.000000
  633.114605	 2475.000000
  633.270598	 2471.000000
  633.426588	 2466.000000
  633.582575	 2462.000000
  633.738559	 2458.000000
  633.894541	 2455.000000
  634.050519	 2452.000000
  634.206494	 2450.000000
  634.362467	 2447.000000
  634.518436	 2446.000000
  634.674403	 2447.000000
  634.830366	 2443.000000
  634.986327	 2438.000000
  635.142285	 2435.000000
  635.298240	 2433.000000
  635.454192	 2432.000000
  635.610140	 2433.000000
  635.766086	 2433.000000
  635.922030	 2423.000000
  636.077970	 2421.000000
  636.233907	 2419.000000
  636.389841	 2418.000000
  636.545772	 2414.000000
  636.701701	 2411.000000
  636.857626	 2408.000000
  637.013549	 2403.000000
  637.169468	 2403.000000
  637.325385	 2393.000000
  637.481298	 2390.000000
  637.637209	 2389.000000
  637.793117	 2382.000000
  637.949022	 2377.000000
  638.104923	 2371.000000
  638.260822	 2366.000000
  638.416718	 2363.000000
  638.572611	 2359.000000
  638.728501	 2352.000000
  638.884388	 2345.000000
  639.040272	 2339.000000
  639.196153	 2336.000000
  639.352031	 2332.000000
  639.507906	 2326.000000
  639.663779	 2324.000000
  639.819648	 2320.000000
  639.975514	 2316.000000
  640.131377	 2307.000000
  640.287238	 2297.000000
  640.443095	 2291.000000
  640.598949	 2287.000000
  640.754801	 2281.000000
  640.910649	 2272.000000
  641.066494	 2263.000000
  641.222337	 2256.000000
  641.378176	 2251.000000
  641.534013	 2244.000000
  641.689846	 2233.000000
  641.845677	 2226.000000
  642.001504	 2218.000000
  642.157329	 2212.000000
  642.313150	 2205.000000
  642.468969	 2199.000000
  642.624785	 2189.000000
  642.780597	 2183.000000
  642.936407	 2177.000000
  643.092213	 2170.000000
  643.248017	 2163.000000
  643.403817	 2153.000000
  643.559615	 2145.000000
  643.715410	 2136.000000
  643.871201	 2127.000000
  644.026990	 2119.000000
  644.182776	 2112.000000
  644.338558	 2103.000000
  644.494338	 2097.000000
  644.650114	 2089.000000
  644.805888	 2079.000000
  644.961659	 2070.000000
  645.117426	 2063.000000
  645.273191	 2054.000000
  645.428952	 2053.000000
  645.584711	 2040.000000
  645.740466	 2034.000000
  645.896219	 2028.000000
  646.051968	 2021.000000
  646.207715	 2016.000000
  646.363458	 2008.000000
  646.519199	 2003.000000
  646.674936	 1993.000000
  646.830671	 1989.000000
  646.986402	 1984.000000
  647.142130	 1981.000000
  647.297856	 1976.000000
  647.453578	 1974.000000
  647.609297	 1968.000000
  647.765014	 1959.000000
  647.920727	 1952.000000
  648.076437	 1948.000000
  648.232144	 1944.000000
  648.387848	 1940.000000
  648.543549	 1934.000000
  648.699247	 1928.000000
  648.854942	 1920.000000
  649.010634	 1917.000000
  649.166323	 1914.000000
  649.322009	 1908.000000
  649.477692	 1903.000000
  649.633372	 1896.000000
  649.789049	 1891.000000
  649.944722	 1885.000000
  650.100393	 1881.000000
  650.256061	 1878.000000
  650.411725	 1874.000000
  650.567387	 1871.000000
  650.723045	 1866.000000
  650.878701	 1863.000000
  651.034353	 1859.000000
  651.190003	 1858.000000
  651.345649	 1855.000000
  651.501292	 1853.000000
  651.656932	 1846.000000
  651.812569	 1843.000000
  651.968204	 1841.000000
  652.123835	 1838.000000
  652.279462	 1834.000000
  652.435087	 1829.000000
  652.590709	 1825.000000
  652.746328	 1823.000000
  652.901944	 1819.000000
  653.057556	 1815.000000
  653.213166	 1809.000000
  653.368772	 1803.000000
  653.524376	 1795.000000
  653.679976	 1790.000000
  653.835573	 1785.000000
  653.991167	 1777.000000
  654.146758	 1770.000000
  654.302346	 1764.000000
  654.457931	 1756.000000
  654.613513	 1748.000000
  654.769092	 1739.000000
  654.924668	 1732.000000
  655.080240	 1723.000000
  655.235810	 1714.000000
  655.391376	 1706.000000
  655.546940	 1704.000000
  655.702500	 1692.000000
  655.858057	 1685.000000
  656.013611	 1677.000000
  656.169162	 1669.000000
  656.324710	 1663.000000
  656.480255	 1657.000000
  656.635797	 1651.000000
  656.791335	 1645.000000
  656.946871	 1639.000000
  657.102403	 1632.000000
  657.257933	 1625.000000
  657.413459	 1619.000000
  657.568982	 1612.000000
  657.724502	 1605.000000
  657.880019	 1599.000000
  658.035533	 1590.000000
  658.191043	 1584.000000
  658.346551	 1576.000000
  658.502056	 1569.000000
  658.657557	 1561.000000
  658.813055	 1552.000000
  658.968550	 1544.000000
  659.124042	 1536.000000
  659.279531	 1527.000000
  659.435017	 1517.000000
  659.590500	 1508.000000
  659.745980	 1497.000000
  659.901456	 1488.000000
  660.056929	 1478.000000
  660.212400	 1470.000000
  660.367867	 1461.000000
  660.523331	 1450.000000
  660.678792	 1442.000000
  660.834249	 1437.000000
  660.989704	 1426.000000
  661.145155	 1417.000000
  661.300604	 1408.000000
  661.456049	 1399.000000
  661.611491	 1390.000000
  661.766930	 1382.000000
  661.922366	 1374.000000
  662.077798	 1367.000000
  662.233228	 1357.000000
  662.388654	 1349.000000
  662.544078	 1341.000000
  662.699498	 1331.000000
  662.854915	 1321.000000
  663.010329	 1310.000000
  663.165739	 1301.000000
  663.321147	 1291.000000
  663.476551	 1280.000000
  663.631953	 1268.000000
  663.787351	 1257.000000
  663.942746	 1248.000000
  664.098138	 1238.000000
  664.253526	 1228.000000
  664.408912	 1217.000000
  664.564294	 1207.000000
  664.719673	 1197.000000
  664.875049	 1187.000000
  665.030422	 1179.000000
  665.185792	 1171.000000
  665.341159	 1164.000000
  665.496522	 1161.000000
  665.651882	 1150.000000
  665.807239	 1145.000000
  665.962593	 1141.000000
  666.117944	 1136.000000
  666.273292	 1134.000000
  666.428636	 1131.000000
  666.583977	 1129.000000
  666.739316	 1128.000000
  666.894650	 1123.000000
  667.049982	 1121.000000
  667.205311	 1121.000000
  667.360636	 1119.000000
  667.515958	 1117.000000
  667.671277	 1114.000000
  667.826593	 1113.000000
  667.981906	 1110.000000
  668.137216	 1108.000000
  668.292522	 1104.000000
  668.447825	 1102.000000
  668.603125	 1098.000000
  668.758422	 1095.000000
  668.913715	 1092.000000
  669.069006	 1088.000000
  669.224293	 1084.000000
  669.379577	 1079.000000
  669.534858	 1076.000000
  669.690136	 1072.000000
  669.845410	 1068.000000
  670.000681	 1063.000000
  670.155949	 1060.000000
  670.311214	 1061.000000
  670.466476	 1054.000000
  670.621734	 1051.000000
  670.776990	 1048.000000
  670.932242	 1044.000000
  671.087491	 1041.000000
  671.242736	 1037.000000
  671.397979	 1034.000000
  671.553218	 1030.000000
  671.708454	 1028.000000
  671.863687	 1025.000000
  672.018917	 1022.000000
  672.174143	 1018.000000
  672.329366	 1015.000000
  672.484586	 1012.000000
  672.639803	 1009.000000
  672.795017	 1007.000000
  672.950227	 1002.000000
  673.105434	  999.000000
  673.260638	  993.000000
  673.415839	  989.000000
  673.571036	  986.000000
  673.726230	  982.000000
  673.881422	  976.000000
  674.036609	  971.000000
  674.191794	  966.000000
  674.346975	  960.000000
  674.502153	  955.000000
  674.657328	  951.000000
  674.812500	  947.000000
  674.967668	  942.000000
  675.122834	  938.000000
  675.277996	  934.000000
  675.433154	  929.000000
  675.588310	  924.000000
  675.743462	  921.000000
  675.898611	  916.000000
  676.053757	  913.000000
  676.208900	  910.000000
  676.364039	  906.000000
  676.519175	  904.000000
  676.674308	  900.000000
  676.829437	  898.000000
  676.984564	  893.000000
  677.139687	  891.000000
  677.294807	  888.000000
  677.449923	  885.000000
  677.605037	  881.000000
  677.760147	  879.000000
  677.915254	  876.000000
  678.070357	  873.000000
  678.225457	  870.000000
  678.380555	  866.000000
  678.535648	  863.000000
  678.690739	  860.000000
  678.845826	  858.000000
  679.000910	  853.000000
  679.155991	  849.000000
  679.311069	  845.000000
  679.466143	  841.000000
  679.621214	  837.000000
  679.776282	  834.000000
  679.931346	  830.000000
  680.086407	  828.000000
  680.241465	  824.000000
  680.396520	  822.000000
  680.551571	  819.000000
  680.706619	  817.000000
  680.861664	  816.000000
  681.016706	  813.000000
  681.171744	  810.000000
  681.326779	  808.000000
  681.481811	  806.000000
  681.636839	  804.000000
  681.791864	  803.000000
  681.946886	  801.000000
  682.101905	  800.000000
  682.256920	  797.000000
  682.411932	  796.000000
  682.566941	  795.000000
  682.721946	  793.000000
  682.876948	  791.000000
  683.031947	  789.000000
  683.186943	  788.000000
  683.341935	  786.000000
  683.496924	  784.000000
  683.651909	  782.000000
  683.806892	  780.000000
  683.961871	  778.000000
  684.116847	  776.000000
  684.271819	  773.000000
  684.426788	  771.000000
  684.581754	  769.000000
  684.736717	  767.000000
  684.891676	  764.000000
  685.046632	  761.000000
  685.201585	  759.000000
  685.356534	  756.000000
  685.511480	  753.000000
  685.666423	  751.000000
  685.821362	  747.000000
  685.976298	  743.000000
  686.131231	  741.000000
  686.286161	  739.000000
  686.441087	  737.000000
  686.596010	  735.000000
  686.750929	  733.000000
  686.905846	  731.000000
  687.060758	  728.000000
  687.215668	  726.000000
  687.370574	  724.000000
  687.525477	  721.000000
  687.680377	  719.000000
  687.835273	  716.000000
  687.990166	  714.000000
  688.145056	  711.000000
  688.299942	  709.000000
  688.454825	  705.000000
  688.609705	  701.000000
  688.764581	  700.000000
  688.919454	  697.000000
  689.074323	  694.000000
  689.229190	  691.000000
  689.384053	  686.000000
  689.538912	  683.000000
  689.693769	  679.000000
  689.848621	  676.000000
  690.003471	  673.000000
  690.158317	  669.000000
  690.313160	  666.000000
  690.468000	  663.000000
  690.622836	  660.000000
  690.777669	  656.000000
  690.932498	  654.000000
  691.087324	  650.000000
  691.242147	  648.000000
  691.396967	  644.000000
  691.551783	  642.000000
  691.706596	  639.000000
  691.861405	  635.000000
  692.016211	  631.000000
  692.171014	  629.000000
  692.325813	  625.000000
  692.480609	  623.000000
  692.635402	  620.000000
  692.790191	  618.000000
  692.944977	  615.000000
  693.099759	  613.000000
  693.254538	  611.000000
  693.409314	  607.000000
  693.564086	  604.000000
  693.718855	  602.000000
  693.873621	  599.000000
  694.028383	  597.000000
  694.183142	  594.000000
  694.337898	  591.000000
  694.492650	  589.000000
  694.647399	  586.000000
  694.802144	  584.000000
  694.956886	  581.000000
  695.111625	  579.000000
  695.266360	  578.000000
  695.421092	  575.000000
  695.575821	  573.000000
  695.730546	  570.000000
  695.885267	  570.000000
  696.039986	  566.000000
  696.194701	  563.000000
  696.349412	  561.000000
  696.504121	  559.000000
  696.658825	  557.000000
  696.813527	  555.000000
  696.968225	  554.000000
  697.122919	  551.000000
  697.277611	  548.000000
  697.432298	  547.000000
  697.586983	  545.000000
  697.741664	  544.000000
  697.896341	  542.000000
  698.051016	  540.000000
  698.205686	  537.000000
  698.360354	  535.000000
  698.515018	  534.000000
  698.669678	  532.000000
  698.824336	  531.000000
  698.978989	  530.000000
  699.133640	  528.000000
  699.288287	  526.000000
  699.442930	  524.000000
  699.597570	  522.000000
  699.752207	  521.000000
  699.906840	  519.000000
  700.061470	  517.000000
  700.216097	  516.000000
  700.370720	  514.000000
  700.525339	  513.000000
  700.679956	  511.000000
  700.834569	  508.000000
  700.989178	  507.000000
  701.143784	  505.000000
  701.298386	  503.000000
  701.452985	  501.000000
  701.607581	  499.000000
  701.762173	  497.000000
  701.916762	  496.000000
  702.071348	  493.000000
  702.225929	  492.000000
  702.380508	  490.000000
  702.535083	  487.000000
  702.689655	  486.000000
  702.844223	  484.000000
  702.998788	  482.000000
  703.153349	  481.000000
  703.307907	  478.000000
  703.462461	  478.000000
  703.617012	  475.000000
  703.771560	  474.000000
  703.926104	  473.000000
  704.080645	  471.000000
  704.235182	  470.000000
  704.389716	  467.000000
  704.544246	  465.000000
  704.698773	  463.000000
  704.853296	  461.000000
  705.007816	  459.000000
  705.162333	  458.000000
  705.316846	  456.000000
  705.471355	  454.000000
  705.625861	  451.000000
  705.780364	  450.000000
  705.934863	  448.000000
  706.089359	  446.000000
  706.243851	  444.000000
  706.398340	  442.000000
  706.552826	  440.000000
  706.707308	  437.000000
  706.861786	  435.000000
  707.016261	  434.000000
  707.170732	  431.000000
  707.325200	  429.000000
  707.479665	  426.000000
  707.634126	  425.000000
  707.788584	  423.000000
  707.943038	  420.000000
  708.097489	  418.000000
  708.251936	  415.000000
  708.406379	  415.000000
  708.560820	  411.000000
  708.715256	  410.000000
  708.869690	  410.000000
  709.024120	  406.000000
  709.178546	  403.000000
  709.332969	  401.000000
  709.487388	  399.000000
  709.641804	  397.000000
  709.796216	  397.000000
  709.950625	  393.000000
  710.105030	  391.000000
  710.259432	  389.000000
  710.413831	  387.000000
  710.568226	  385.000000
  710.722617	  382.000000
  710.877005	  381.000000
  711.031389	  378.000000
  711.185770	  375.000000
  711.340148	  374.000000
  711.494522	  372.000000
  711.648892	  370.000000
  711.803259	  368.000000
  711.957622	  367.000000
  712.111982	  365.000000
  712.266339	  362.000000
  712.420692	  360.000000
  712.575041	  358.000000
  712.729387	  357.000000
  712.883729	  356.000000
  713.038068	  353.000000
  713.192403	  352.000000
  713.346735	  350.000000
  713.501064	  348.000000
  713.655388	  347.000000
  713.809710	  344.000000
  713.964027	  344.000000
  714.118342	  342.000000
  714.272652	  340.000000
  714.426960	  339.000000
  714.581263	  337.000000
  714.735563	  336.000000
  714.889860	  335.000000
  715.044153	  333.000000
  715.198443	  332.000000
  715.352729	  330.000000
  715.507011	  328.000000
  715.661290	  327.000000
  715.815566	  326.000000
  715.969838	  324.000000
  716.124106	  323.000000
  716.278371	  323.000000
  716.432632	  320.000000
  716.586890	  318.000000
  716.741144	  318.000000
  716.895395	  316.000000
  717.049642	  316.000000
  717.203886	  314.000000
  717.358126	  312.000000
  717.512362	  312.000000
  717.666595	  310.000000
  717.820825	  309.000000
  717.975050	  308.000000
  718.129273	  307.000000
  718.283492	  306.000000
  718.437707	  305.000000
  718.591918	  304.000000
  718.746127	  303.000000
  718.900331	  301.000000
  719.054532	  301.000000
  719.208730	  299.000000
  719.362923	  298.000000
  719.517114	  297.000000
  719.671301	  297.000000
  719.825484	  296.000000
  719.979663	  294.000000
  720.133840	  293.000000
  720.288012	  292.000000
  720.442181	  292.000000
  720.596346	  290.000000
  720.750508	  289.000000
  720.904667	  289.000000
  721.058821	  287.000000
  721.212972	  285.000000
  721.367120	  284.000000
  721.521264	  283.000000
  721.675404	  282.000000
  721.829541	  281.000000
  721.983674	  280.000000
  722.137804	  278.000000
  722.291930	  277.000000
  722.446052	  277.000000
  722.600171	  276.000000
  722.754287	  274.000000
  722.908398	  273.000000
  723.062507	  272.000000
  723.216611	  271.000000
  723.370712	  270.000000
  723.524810	  269.000000
  723.678903	  268.000000
  723.832994	  267.000000
  723.987080	  265.000000
  724.141163	  264.000000
  724.295243	  263.000000
  724.449319	  262.000000
  724.603391	  260.000000
  724.757460	  258.000000
  724.911525	  257.000000
  725.065586	  257.000000
  725.219644	  255.000000
  725.373698	  255.000000
  725.527749	  253.000000
  725.681796	  251.000000
  725.835839	  250.000000
  725.989879	  249.000000
  726.143915	  247.000000
  726.297948	  247.000000
  726.451977	  246.000000
  726.606002	  246.000000
  726.760024	  243.000000
  726.914042	  242.000000
  727.068057	  242.000000
  727.222068	  240.000000
  727.376075	  239.000000
  727.530079	  237.000000
  727.684079	  236.000000
  727.838075	  235.000000
  727.992068	  233.000000
  728.146057	  232.000000
  728.300043	  231.000000
  728.454025	  230.000000
  728.608003	  228.000000
  728.761978	  227.000000
  728.915949	  225.000000
  729.069917	  224.000000
  729.223880	  223.000000
  729.377841	  222.000000
  729.531797	  220.000000
  729.685750	  219.000000
  729.839699	  218.000000
  729.993645	  217.000000
  730.147587	  216.000000
  730.301526	  215.000000
  730.455460	  213.000000
  730.609391	  212.000000
  730.763319	  211.000000
  730.917243	  210.000000
  731.071163	  209.000000
  731.225079	  208.000000
  731.378992	  207.000000
  731.532902	  206.000000
  731.686807	  206.000000
  731.840709	  204.000000
  731.994607	  203.000000
  732.148502	  202.000000
  732.302393	  201.000000
  732.456280	  200.000000
  732.610164	  199.000000
  732.764044	  198.000000
  732.917921	  198.000000
  733.071793	  196.000000
  733.225662	  197.000000
  733.379528	  194.000000
  733.533389	  193.000000
  733.687248	  192.000000
  733.841102	  191.000000
  733.994953	  191.000000
  734.148800	  190.000000
  734.302643	  188.000000
  734.456483	  188.000000
  734.610319	  186.000000
  734.764151	  186.000000
  734.917980	  186.000000
  735.071805	  185.000000
  735.225627	  184.000000
  735.379444	  183.000000
  735.533258	  182.000000
  735.687069	  181.000000
  735.840875	  181.000000
  735.994678	  180.000000
  736.148478	  179.000000
  736.302273	  179.000000
  736.456065	  178.000000
  736.609854	  177.000000
  736.763638	  177.000000
  736.917419	  175.000000
  737.071196	  175.000000
  737.224970	  175.000000
  737.378740	  174.000000
  737.532506	  174.000000
  737.686268	  173.000000
  737.840027	  172.000000
  737.993782	  171.000000
  738.147533	  170.000000
  738.301281	  170.000000
  738.455025	  169.000000
  738.608765	  169.000000
  738.762502	  168.000000
  738.916235	  167.000000
  739.069964	  167.000000
  739.223690	  166.000000
  739.377411	  166.000000
  739.531129	  164.000000
  739.684844	  164.000000
  739.838554	  164.000000
  739.992261	  163.000000
  740.145965	  163.000000
  740.299664	  162.000000
  740.453360	  161.000000
  740.607052	  161.000000
  740.760740	  160.000000
  740.914425	  159.000000
  741.068106	  159.000000
  741.221783	  158.000000
  741.375457	  158.000000
  741.529127	  157.000000
  741.682793	  155.000000
  741.836455	  155.000000
  741.990114	  155.000000
  742.143769	  154.000000
  742.297420	  154.000000
  742.451067	  153.000000
  742.604711	  152.000000
  742.758351	  152.000000
  742.911987	  150.000000
  743.065620	  150.000000
  743.219249	  150.000000
  743.372874	  149.000000
  743.526495	  148.000000
  743.680113	  148.000000
  743.833726	  147.000000
  743.987337	  146.000000
  744.140943	  146.000000
  744.294546	  145.000000
  744.448145	  144.000000
  744.601740	  143.000000
  744.755331	  142.000000
  744.908919	  142.000000
  745.062503	  141.000000
  745.216083	  140.000000
  745.369659	  140.000000
  745.523232	  139.000000
  745.676801	  139.000000
  745.830366	  138.000000
  745.983928	  138.000000
  746.137485	  136.000000
  746.291039	  135.000000
  746.444590	  136.000000
  746.598136	  134.000000
  746.751679	  134.000000
  746.905218	  133.000000
  747.058753	  132.000000
  747.212284	  131.000000
  747.365812	  131.000000
  747.519336	  130.000000
  747.672856	  130.000000
  747.826372	  129.000000
  747.979885	  128.000000
  748.133393	  127.000000
  748.286898	  126.000000
  748.440400	  126.000000
  748.593897	  125.000000
  748.747391	  124.000000
  748.900881	  123.000000
  749.054367	  123.000000
  749.207850	  122.000000
  749.361328	  121.000000
  749.514803	  121.000000
  749.668274	  121.000000
  749.821741	  120.000000
  749.975205	  120.000000
  750.128665	  119.000000
  750.282121	  118.000000
  750.435573	  118.000000
  750.589021	  116.000000
  750.742466	  116.000000
  750.895906	  115.000000
  751.049343	  114.000000
  751.202777	  114.000000
  751.356206	  113.000000
  751.509632	  112.000000
  751.663054	  112.000000
  751.816472	  112.000000
  751.969886	  111.000000
  752.123296	  111.000000
  752.276703	  109.000000
  752.430106	  109.000000
  752.583505	  108.000000
  752.736900	  108.000000
  752.890292	  108.000000
  753.043679	  107.000000
  753.197063	  107.000000
  753.350443	  106.000000
  753.503820	  105.000000
  753.657192	  104.000000
  753.810561	  104.000000
  753.963925	  104.000000
  754.117286	  103.000000
  754.270644	  103.000000
  754.423997	  102.000000
  754.577347	  102.000000
  754.730692	  101.000000
  754.884034	  100.000000
  755.037372	  100.000000
  755.190707	   99.000000
  755.344037	  100.000000
  755.497364	   99.000000
  755.650687	   98.000000
  755.804006	   98.000000
  755.957321	   97.000000
  756.110632	   98.000000
  756.263940	   97.000000
  756.417244	   96.000000
  756.570543	   96.000000
  756.723840	   95.000000
  756.877132	   94.000000
  757.030420	   95.000000
  757.183705	   94.000000
  757.336985	   94.000000
  757.490262	   93.000000
  757.643535	   93.000000
  757.796805	   92.000000
  757.950070	   92.000000
  758.103332	   92.000000
  758.256589	   92.000000
  758.409843	   91.000000
  758.563093	   91.000000
  758.716339	   91.000000
  758.869582	   91.000000
  759.022820	   90.000000
  759.176055	   90.000000
  759.329286	   89.000000
  759.482513	   89.000000
  759.635736	   89.000000
  759.788955	   89.000000
  759.942170	   88.000000
  760.095382	   88.000000
  760.248589	   88.000000
  760.401793	   88.000000
  760.554993	   87.000000
  760.708189	   86.000000
  760.861382	   87.000000
  761.014570	   86.000000
  761.167755	   85.000000
  761.320935	   86.000000
  761.474112	   85.000000
  761.627285	   85.000000
  761.780454	   84.000000
  761.933619	   85.000000
  762.086781	   84.000000
  762.239938	   84.000000
  762.393092	   84.000000
  762.546241	   84.000000
  762.699387	   83.000000
  762.852529	   83.000000
  763.005667	   83.000000
  763.158801	   82.000000
  763.311932	   82.000000
  763.465058	   82.000000
  763.618181	   81.000000
  763.771300	   82.000000
  763.924414	   81.000000
  764.077525	   80.000000
  764.230632	   80.000000
  764.383736	   81.000000
  764.536835	   80.000000
  764.689930	   79.000000
  764.843022	   79.000000
  764.996109	   79.000000
  765.149193	   78.000000
  765.302273	   78.000000
  765.455349	   77.000000
  765.608421	   78.000000
  765.761489	   77.000000
  765.914554	   77.000000
  766.067614	   77.000000
  766.220670	   76.000000
  766.373723	   76.000000
  766.526772	   76.000000
  766.679816	   76.000000
  766.832857	   75.000000
  766.985894	   74.000000
  767.138927	   75.000000
  767.291957	   74.000000
  767.444982	   74.000000
  767.598003	   73.000000
  767.751021	   74.000000
  767.904034	   72.000000
  768.057044	   73.000000
  768.210049	   71.000000
  768.363051	   72.000000
  768.516049	   71.000000
  768.669043	   71.000000
  768.822033	   70.000000
  768.975019	   70.000000
  769.128001	   69.000000
  769.280980	   69.000000
  769.433954	   69.000000
  769.586925	   68.000000
  769.739891	   68.000000
  769.892854	   68.000000
  770.045812	   68.000000
  770.198767	   67.000000
  770.351718	   67.000000
  770.504665	   66.000000
  770.657608	   66.000000
  770.810547	   66.000000
  770.963482	   66.000000
  771.116413	   66.000000
  771.269340	   65.000000
  771.422264	   65.000000
  771.575183	   65.000000
  771.728098	   65.000000
  771.881010	   64.000000
  772.033918	   63.000000
  772.186821	   64.000000
  772.339721	   63.000000
  772.492617	   63.000000
  772.645508	   63.000000
  772.798396	   63.000000
  772.951280	   62.000000
  773.104160	   62.000000
  773.257036	   62.000000
  773.409908	   61.000000
  773.562776	   60.000000
  773.715640	   61.000000
  773.868500	   61.000000
  774.021357	   61.000000
  774.174209	   60.000000
  774.327057	   60.000000
  774.479902	   60.000000
  774.632742	   59.000000
  774.785579	   59.000000
  774.938411	   59.000000
  775.091240	   59.000000
  775.244064	   58.000000
  775.396885	   58.000000
  775.549701	   58.000000
  775.702514	   58.000000
  775.855323	   57.000000
  776.008128	   57.000000
  776.160928	   57.000000
  776.313725	   56.000000
  776.466518	   57.000000
  776.619307	   57.000000
  776.772092	   56.000000
  776.924873	   56.000000
  777.077650	   56.000000
  777.230423	   56.000000
  777.383192	   56.000000
  777.535957	   56.000000
  777.688718	   56.000000
  777.841475	   55.000000
  777.994228	   56.000000
  778.146977	   55.000000
  778.299722	   55.000000
  778.452463	   55.000000
  778.605200	   54.000000
  778.757933	   54.000000
  778.910662	   54.000000
  779.063387	   54.000000
  779.216109	   54.000000
  779.368826	   55.000000
  779.521539	   54.000000
  779.674248	   54.000000
  779.826953	   54.000000
  779.979655	   54.000000
  780.132352	   53.000000
  780.285045	   53.000000
  780.437734	   53.000000
  780.590419	   53.000000
  780.743101	   53.000000
  780.895778	   52.000000
  781.048451	   53.000000
  781.201120	   53.000000
  781.353785	   52.000000
  781.506446	   52.000000
  781.659104	   52.000000
  781.811757	   52.000000
  781.964406	   52.000000
  782.117051	   52.000000
  782.269692	   52.000000
  782.422329	   52.000000
  782.574962	   52.000000
  782.727591	   51.000000
  782.880217	   51.000000
  783.032838	   51.000000
  783.185455	   51.000000
  783.338068	   51.000000
  783.490677	   51.000000
  783.643282	   50.000000
  783.795882	   50.000000
  783.948479	   50.000000
  784.101072	   50.000000
  784.253661	   50.000000
  784.406246	   50.000000
  784.558827	   50.000000
  784.711403	   50.000000
  784.863976	   50.000000
  785.016545	   50.000000
  785.169110	   50.000000
  785.321670	   50.000000
  785.474227	   49.000000
  785.626779	   49.000000
  785.779328	   49.000000
  785.931872	   49.000000
  786.084413	   49.000000
  786.236949	   48.000000
  786.389482	   49.000000
  786.542010	   48.000000
  786.694534	   48.000000
  786.847055	   48.000000
  786.999571	   47.000000
  787.152083	   48.000000
  787.304591	   48.000000
  787.457095	   48.000000
  787.609595	   47.000000
  787.762091	   48.000000
  787.914583	   47.000000
  788.067071	   47.000000
  788.219554	   47.000000
  788.372034	   46.000000
  788.524510	   46.000000
  788.676981	   46.000000
  788.829449	   46.000000
  788.981912	   46.000000
  789.134372	   46.000000
  789.286827	   46.000000
  789.439279	   46.000000
  789.591726	   45.000000
  789.744169	   45.000000
  789.896608	   45.000000
  790.049043	   45.000000
  790.201474	   44.000000
  790.353901	   44.000000
  790.506324	   44.000000
  790.658743	   44.000000
  790.811157	   44.000000
  790.963568	   43.000000
  791.115974	   43.000000
  791.268377	   43.000000
  791.420775	   43.000000
  791.573170	   42.000000
  791.725560	   43.000000
  791.877946	   43.000000
  792.030328	   42.000000
  792.182706	   42.000000
  792.335080	   42.000000
  792.487450	   42.000000
  792.639815	   42.000000
  792.792177	   42.000000
  792.944535	   41.000000
  793.096888	   42.000000
  793.249237	   42.000000
  793.401583	   41.000000
  793.553924	   41.000000
  793.706261	   41.000000
  793.858594	   41.000000
  794.010923	   42.000000
  794.163248	   40.000000
  794.315568	   41.000000
  794.467885	   40.000000
  794.620197	   41.000000
  794.772506	   40.000000
  794.924810	   40.000000
  795.077110	   40.000000
  795.229406	   40.000000
  795.381698	   40.000000
  795.533986	   40.000000
  795.686270	   40.000000
  795.838550	   39.000000
  795.990825	   39.000000
  796.143097	   39.000000
  796.295364	   39.000000
  796.447627	   39.000000
  796.599886	   39.000000
  796.752141	   39.000000
  796.904392	   38.000000
  797.056639	   39.000000
  797.208881	   39.000000
  797.361120	   39.000000
  797.513354	   38.000000
  797.665585	   38.000000
  797.817811	   38.000000
  797.970033	   38.000000
  798.122251	   38.000000
  798.274464	   38.000000
  798.426674	   38.000000
  798.578879	   38.000000
  798.731081	   38.000000
  798.883278	   37.000000
  799.035471	   38.000000
  799.187660	   38.000000
  799.339845	   37.000000
  799.492026	   38.000000
  799.644202	   37.000000
  799.796375	   37.000000
  799.948543	   37.000000
  800.100707	   37.000000
  800.252867	   37.000000
  800.405023	   37.000000
  800.557175	   37.000000
  800.709323	   37.000000
  800.861466	   37.000000
  801.013605	   37.000000
  801.165740	   37.000000
  801.317871	   37.000000
  801.469998	   37.000000
  801.622121	   37.000000
  801.774240	   37.000000
  801.926354	   37.000000
  802.078464	   37.000000
  802.230570	   37.000000
  802.382672	   37.000000
  802.534770	   37.000000
  802.686864	   37.000000
  802.838953	   36.000000
  802.991039	   37.000000
  803.143120	   37.000000
  803.295197	   36.000000
  803.447270	   36.000000
  803.599338	   36.000000
  803.751403	   36.000000
  803.903463	   37.000000
  804.055519	   36.000000
  804.207571	   37.000000
  804.359619	   36.000000
  804.511663	   36.000000
